time	AX	AY	AZ	GX	GY	GZ
10	0,050	-0,203	9,782	0,099	-0,367	-0,690
20	0,050	-0,203	9,782	0,099	-0,367	-0,690
30	0,050	-0,203	9,782	0,099	-0,367	-0,690
40	0,050	-0,203	9,782	0,099	-0,367	-0,690
50	0,050	-0,203	9,782	0,099	-0,367	-0,690
60	0,050	-0,203	9,782	0,099	-0,367	-0,690
70	0,050	-0,203	9,782	0,099	-0,367	-0,690
80	0,062	-0,156	9,748	0,090	-0,332	-0,641
90	0,062	-0,156	9,748	0,090	-0,332	-0,641
100	0,062	-0,156	9,748	0,090	-0,332	-0,641
110	0,062	-0,156	9,748	0,090	-0,332	-0,641
120	0,062	-0,156	9,748	0,090	-0,332	-0,641
130	0,062	-0,156	9,748	0,090	-0,332	-0,641
140	0,062	-0,156	9,748	0,090	-0,332	-0,641
150	0,062	-0,156	9,748	0,090	-0,332	-0,641
160	0,062	-0,156	9,748	0,090	-0,332	-0,641
170	0,062	-0,156	9,748	0,090	-0,332	-0,641
180	0,062	-0,156	9,748	0,090	-0,332	-0,641
190	0,062	-0,156	9,748	0,090	-0,332	-0,641
200	0,062	-0,156	9,748	0,090	-0,332	-0,641
210	0,062	-0,156	9,748	0,090	-0,332	-0,641
220	0,062	-0,156	9,748	0,090	-0,332	-0,641
230	0,062	-0,156	9,748	0,090	-0,332	-0,641
240	0,062	-0,156	9,748	0,090	-0,332	-0,641
250	0,062	-0,156	9,748	0,090	-0,332	-0,641
260	0,062	-0,156	9,748	0,090	-0,332	-0,641
270	0,084	-0,148	9,763	0,080	-0,300	-0,588
280	0,084	-0,148	9,763	0,080	-0,300	-0,588
290	0,084	-0,148	9,763	0,080	-0,300	-0,588
300	0,084	-0,148	9,763	0,080	-0,300	-0,588
310	0,084	-0,148	9,763	0,080	-0,300	-0,588
320	0,084	-0,148	9,763	0,080	-0,300	-0,588
330	0,084	-0,148	9,763	0,080	-0,300	-0,588
340	0,084	-0,148	9,763	0,080	-0,300	-0,588
350	0,084	-0,148	9,763	0,080	-0,300	-0,588
360	0,084	-0,148	9,763	0,080	-0,300	-0,588
370	0,084	-0,148	9,763	0,080	-0,300	-0,588
380	0,084	-0,148	9,763	0,080	-0,300	-0,588
390	0,084	-0,148	9,763	0,080	-0,300	-0,588
400	0,084	-0,148	9,763	0,080	-0,300	-0,588
410	0,084	-0,148	9,763	0,080	-0,300	-0,588
420	0,084	-0,148	9,763	0,080	-0,300	-0,588
430	0,084	-0,148	9,763	0,080	-0,300	-0,588
440	0,084	-0,148	9,763	0,080	-0,300	-0,588
450	0,084	-0,148	9,763	0,080	-0,300	-0,588
460	0,091	-0,163	9,748	0,070	-0,270	-0,535
470	0,091	-0,163	9,748	0,070	-0,270	-0,535
480	0,091	-0,163	9,748	0,070	-0,270	-0,535
490	0,091	-0,163	9,748	0,070	-0,270	-0,535
500	0,091	-0,163	9,748	0,070	-0,270	-0,535
510	0,091	-0,163	9,748	0,070	-0,270	-0,535
520	0,091	-0,163	9,748	0,070	-0,270	-0,535
530	0,091	-0,163	9,748	0,070	-0,270	-0,535
540	0,091	-0,163	9,748	0,070	-0,270	-0,535
550	0,091	-0,163	9,748	0,070	-0,270	-0,535
560	0,091	-0,163	9,748	0,070	-0,270	-0,535
570	0,091	-0,163	9,748	0,070	-0,270	-0,535
580	0,091	-0,163	9,748	0,070	-0,270	-0,535
590	0,091	-0,163	9,748	0,070	-0,270	-0,535
600	0,091	-0,163	9,748	0,070	-0,270	-0,535
610	0,091	-0,163	9,748	0,070	-0,270	-0,535
620	0,091	-0,163	9,748	0,070	-0,270	-0,535
630	0,091	-0,163	9,748	0,070	-0,270	-0,535
640	0,091	-0,163	9,748	0,070	-0,270	-0,535
650	0,091	-0,163	9,748	0,070	-0,270	-0,535
660	0,064	-0,194	9,751	0,061	-0,244	-0,486
670	0,064	-0,194	9,751	0,061	-0,244	-0,486
680	0,064	-0,194	9,751	0,061	-0,244	-0,486
690	0,064	-0,194	9,751	0,061	-0,244	-0,486
700	0,064	-0,194	9,751	0,061	-0,244	-0,486
710	0,064	-0,194	9,751	0,061	-0,244	-0,486
720	0,064	-0,194	9,751	0,061	-0,244	-0,486
730	0,064	-0,194	9,751	0,061	-0,244	-0,486
740	0,064	-0,194	9,751	0,061	-0,244	-0,486
750	0,064	-0,194	9,751	0,061	-0,244	-0,486
760	0,064	-0,194	9,751	0,061	-0,244	-0,486
770	0,064	-0,194	9,751	0,061	-0,244	-0,486
780	0,064	-0,194	9,751	0,061	-0,244	-0,486
790	0,064	-0,194	9,751	0,061	-0,244	-0,486
800	0,064	-0,194	9,751	0,061	-0,244	-0,486
810	0,064	-0,194	9,751	0,061	-0,244	-0,486
820	0,064	-0,194	9,751	0,061	-0,244	-0,486
830	0,064	-0,194	9,751	0,061	-0,244	-0,486
840	0,064	-0,194	9,751	0,061	-0,244	-0,486
850	0,062	-0,165	9,777	0,052	-0,220	-0,440
860	0,062	-0,165	9,777	0,052	-0,220	-0,440
870	0,062	-0,165	9,777	0,052	-0,220	-0,440
880	0,062	-0,165	9,777	0,052	-0,220	-0,440
890	0,062	-0,165	9,777	0,052	-0,220	-0,440
900	0,062	-0,165	9,777	0,052	-0,220	-0,440
910	0,062	-0,165	9,777	0,052	-0,220	-0,440
920	0,062	-0,165	9,777	0,052	-0,220	-0,440
930	0,062	-0,165	9,777	0,052	-0,220	-0,440
940	0,062	-0,165	9,777	0,052	-0,220	-0,440
950	0,062	-0,165	9,777	0,052	-0,220	-0,440
960	0,062	-0,165	9,777	0,052	-0,220	-0,440
970	0,062	-0,165	9,777	0,052	-0,220	-0,440
980	0,062	-0,165	9,777	0,052	-0,220	-0,440
990	0,062	-0,165	9,777	0,052	-0,220	-0,440
1000	0,062	-0,165	9,777	0,052	-0,220	-0,440
1010	0,062	-0,165	9,777	0,052	-0,220	-0,440
1020	0,062	-0,165	9,777	0,052	-0,220	-0,440
1030	0,062	-0,165	9,777	0,052	-0,220	-0,440
1040	-0,285	0,010	9,825	0,046	-0,198	-0,400
1050	-0,285	0,010	9,825	0,046	-0,198	-0,400
1060	-0,285	0,010	9,825	0,046	-0,198	-0,400
1070	-0,285	0,010	9,825	0,046	-0,198	-0,400
1080	-0,285	0,010	9,825	0,046	-0,198	-0,400
1090	-0,285	0,010	9,825	0,046	-0,198	-0,400
1100	-0,285	0,010	9,825	0,046	-0,198	-0,400
1110	-0,285	0,010	9,825	0,046	-0,198	-0,400
1120	-0,285	0,010	9,825	0,046	-0,198	-0,400
1130	-0,285	0,010	9,825	0,046	-0,198	-0,400
1140	-0,285	0,010	9,825	0,046	-0,198	-0,400
1150	-0,285	0,010	9,825	0,046	-0,198	-0,400
1160	-0,285	0,010	9,825	0,046	-0,198	-0,400
1170	-0,285	0,010	9,825	0,046	-0,198	-0,400
1180	-0,285	0,010	9,825	0,046	-0,198	-0,400
1190	-0,285	0,010	9,825	0,046	-0,198	-0,400
1200	-0,285	0,010	9,825	0,046	-0,198	-0,400
1210	-0,285	0,010	9,825	0,046	-0,198	-0,400
1220	-0,067	-0,105	9,789	0,040	-0,178	-0,364
1230	-0,067	-0,105	9,789	0,040	-0,178	-0,364
1240	-0,067	-0,105	9,789	0,040	-0,178	-0,364
1250	-0,067	-0,105	9,789	0,040	-0,178	-0,364
1260	-0,067	-0,105	9,789	0,040	-0,178	-0,364
1270	-0,067	-0,105	9,789	0,040	-0,178	-0,364
1280	-0,067	-0,105	9,789	0,040	-0,178	-0,364
1290	-0,067	-0,105	9,789	0,040	-0,178	-0,364
1300	-0,067	-0,105	9,789	0,040	-0,178	-0,364
1310	-0,067	-0,105	9,789	0,040	-0,178	-0,364
1320	-0,067	-0,105	9,789	0,040	-0,178	-0,364
1330	-0,067	-0,105	9,789	0,040	-0,178	-0,364
1340	-0,067	-0,105	9,789	0,040	-0,178	-0,364
1350	-0,067	-0,105	9,789	0,040	-0,178	-0,364
1360	-0,067	-0,105	9,789	0,040	-0,178	-0,364
1370	-0,067	-0,105	9,789	0,040	-0,178	-0,364
1380	-0,067	-0,105	9,789	0,040	-0,178	-0,364
1390	-0,067	-0,105	9,789	0,040	-0,178	-0,364
1400	-0,067	-0,105	9,789	0,040	-0,178	-0,364
1410	-0,175	-0,249	9,767	0,035	-0,160	-0,328
1420	-0,175	-0,249	9,767	0,035	-0,160	-0,328
1430	-0,175	-0,249	9,767	0,035	-0,160	-0,328
1440	-0,175	-0,249	9,767	0,035	-0,160	-0,328
1450	-0,175	-0,249	9,767	0,035	-0,160	-0,328
1460	-0,175	-0,249	9,767	0,035	-0,160	-0,328
1470	-0,175	-0,249	9,767	0,035	-0,160	-0,328
1480	-0,175	-0,249	9,767	0,035	-0,160	-0,328
1490	-0,175	-0,249	9,767	0,035	-0,160	-0,328
1500	-0,175	-0,249	9,767	0,035	-0,160	-0,328
1510	-0,175	-0,249	9,767	0,035	-0,160	-0,328
1520	-0,175	-0,249	9,767	0,035	-0,160	-0,328
1530	-0,175	-0,249	9,767	0,035	-0,160	-0,328
1540	-0,175	-0,249	9,767	0,035	-0,160	-0,328
1550	-0,175	-0,249	9,767	0,035	-0,160	-0,328
1560	-0,175	-0,249	9,767	0,035	-0,160	-0,328
1570	-0,175	-0,249	9,767	0,035	-0,160	-0,328
1580	-0,175	-0,249	9,767	0,035	-0,160	-0,328
1590	-0,175	-0,249	9,767	0,035	-0,160	-0,328
1600	0,081	-0,000	9,799	0,006	-0,028	-0,056
1610	0,081	-0,000	9,799	0,006	-0,028	-0,056
1620	0,081	-0,000	9,799	0,006	-0,028	-0,056
1630	0,081	-0,000	9,799	0,006	-0,028	-0,056
1640	0,081	-0,000	9,799	0,006	-0,028	-0,056
1650	0,081	-0,000	9,799	0,006	-0,028	-0,056
1660	0,081	-0,000	9,799	0,006	-0,028	-0,056
1670	0,081	-0,000	9,799	0,006	-0,028	-0,056
1680	0,081	-0,000	9,799	0,006	-0,028	-0,056
1690	0,081	-0,000	9,799	0,006	-0,028	-0,056
1700	0,081	-0,000	9,799	0,006	-0,028	-0,056
1710	0,081	-0,000	9,799	0,006	-0,028	-0,056
1720	0,081	-0,000	9,799	0,006	-0,028	-0,056
1730	0,081	-0,000	9,799	0,006	-0,028	-0,056
1740	0,081	-0,000	9,799	0,006	-0,028	-0,056
1750	0,081	-0,000	9,799	0,006	-0,028	-0,056
1760	0,081	-0,000	9,799	0,006	-0,028	-0,056
1770	0,081	-0,000	9,799	0,006	-0,028	-0,056
1780	0,081	-0,000	9,799	0,006	-0,028	-0,056
1790	0,081	-0,000	9,799	0,006	-0,028	-0,056
1800	0,158	-0,503	9,720	0,005	-0,027	-0,053
1810	0,158	-0,503	9,720	0,005	-0,027	-0,053
1820	0,158	-0,503	9,720	0,005	-0,027	-0,053
1830	0,158	-0,503	9,720	0,005	-0,027	-0,053
1840	0,158	-0,503	9,720	0,005	-0,027	-0,053
1850	0,158	-0,503	9,720	0,005	-0,027	-0,053
1860	0,158	-0,503	9,720	0,005	-0,027	-0,053
1870	0,158	-0,503	9,720	0,005	-0,027	-0,053
1880	0,158	-0,503	9,720	0,005	-0,027	-0,053
1890	0,158	-0,503	9,720	0,005	-0,027	-0,053
1900	0,158	-0,503	9,720	0,005	-0,027	-0,053
1910	0,158	-0,503	9,720	0,005	-0,027	-0,053
1920	0,158	-0,503	9,720	0,005	-0,027	-0,053
1930	0,158	-0,503	9,720	0,005	-0,027	-0,053
1940	0,158	-0,503	9,720	0,005	-0,027	-0,053
1950	0,158	-0,503	9,720	0,005	-0,027	-0,053
1960	0,158	-0,503	9,720	0,005	-0,027	-0,053
1970	0,158	-0,503	9,720	0,005	-0,027	-0,053
1980	0,158	-0,503	9,720	0,005	-0,027	-0,053
1990	0,153	-0,718	9,746	0,004	-0,027	-0,049
2000	0,153	-0,718	9,746	0,004	-0,027	-0,049
2010	0,153	-0,718	9,746	0,004	-0,027	-0,049
2020	0,153	-0,718	9,746	0,004	-0,027	-0,049
2030	0,153	-0,718	9,746	0,004	-0,027	-0,049
2040	0,153	-0,718	9,746	0,004	-0,027	-0,049
2050	0,153	-0,718	9,746	0,004	-0,027	-0,049
2060	0,153	-0,718	9,746	0,004	-0,027	-0,049
2070	0,153	-0,718	9,746	0,004	-0,027	-0,049
2080	0,153	-0,718	9,746	0,004	-0,027	-0,049
2090	0,153	-0,718	9,746	0,004	-0,027	-0,049
2100	0,153	-0,718	9,746	0,004	-0,027	-0,049
2110	0,153	-0,718	9,746	0,004	-0,027	-0,049
2120	0,153	-0,718	9,746	0,004	-0,027	-0,049
2130	0,153	-0,718	9,746	0,004	-0,027	-0,049
2140	0,153	-0,718	9,746	0,004	-0,027	-0,049
2150	0,153	-0,718	9,746	0,004	-0,027	-0,049
2160	0,153	-0,718	9,746	0,004	-0,027	-0,049
2170	0,153	-0,718	9,746	0,004	-0,027	-0,049
2180	0,153	-0,718	9,746	0,004	-0,027	-0,049
2190	0,620	-0,352	9,727	0,018	-0,135	-0,244
2200	0,620	-0,352	9,727	0,018	-0,135	-0,244
2210	0,620	-0,352	9,727	0,018	-0,135	-0,244
2220	0,620	-0,352	9,727	0,018	-0,135	-0,244
2230	0,620	-0,352	9,727	0,018	-0,135	-0,244
2240	0,620	-0,352	9,727	0,018	-0,135	-0,244
2250	0,620	-0,352	9,727	0,018	-0,135	-0,244
2260	0,620	-0,352	9,727	0,018	-0,135	-0,244
2270	0,620	-0,352	9,727	0,018	-0,135	-0,244
2280	0,620	-0,352	9,727	0,018	-0,135	-0,244
2290	0,620	-0,352	9,727	0,018	-0,135	-0,244
2300	0,620	-0,352	9,727	0,018	-0,135	-0,244
2310	0,620	-0,352	9,727	0,018	-0,135	-0,244
2320	0,620	-0,352	9,727	0,018	-0,135	-0,244
2330	0,620	-0,352	9,727	0,018	-0,135	-0,244
2340	0,620	-0,352	9,727	0,018	-0,135	-0,244
2350	0,620	-0,352	9,727	0,018	-0,135	-0,244
2360	0,620	-0,352	9,727	0,018	-0,135	-0,244
2370	0,620	-0,352	9,727	0,018	-0,135	-0,244
2380	0,256	-0,314	9,765	0,015	-0,122	-0,223
2390	0,256	-0,314	9,765	0,015	-0,122	-0,223
2400	0,256	-0,314	9,765	0,015	-0,122	-0,223
2410	0,256	-0,314	9,765	0,015	-0,122	-0,223
2420	0,256	-0,314	9,765	0,015	-0,122	-0,223
2430	0,256	-0,314	9,765	0,015	-0,122	-0,223
2440	0,256	-0,314	9,765	0,015	-0,122	-0,223
2450	0,256	-0,314	9,765	0,015	-0,122	-0,223
2460	0,256	-0,314	9,765	0,015	-0,122	-0,223
2470	0,256	-0,314	9,765	0,015	-0,122	-0,223
2480	0,256	-0,314	9,765	0,015	-0,122	-0,223
2490	0,256	-0,314	9,765	0,015	-0,122	-0,223
2500	0,256	-0,314	9,765	0,015	-0,122	-0,223
2510	0,256	-0,314	9,765	0,015	-0,122	-0,223
2520	0,256	-0,314	9,765	0,015	-0,122	-0,223
2530	0,256	-0,314	9,765	0,015	-0,122	-0,223
2540	0,256	-0,314	9,765	0,015	-0,122	-0,223
2550	0,256	-0,314	9,765	0,015	-0,122	-0,223
2560	0,256	-0,314	9,765	0,015	-0,122	-0,223
2570	0,715	-0,402	9,794	0,013	-0,111	-0,206
2580	0,715	-0,402	9,794	0,013	-0,111	-0,206
2590	0,715	-0,402	9,794	0,013	-0,111	-0,206
2600	0,715	-0,402	9,794	0,013	-0,111	-0,206
2610	0,715	-0,402	9,794	0,013	-0,111	-0,206
2620	0,715	-0,402	9,794	0,013	-0,111	-0,206
2630	0,715	-0,402	9,794	0,013	-0,111	-0,206
2640	0,715	-0,402	9,794	0,013	-0,111	-0,206
2650	0,715	-0,402	9,794	0,013	-0,111	-0,206
2660	0,715	-0,402	9,794	0,013	-0,111	-0,206
2670	0,715	-0,402	9,794	0,013	-0,111	-0,206
2680	0,715	-0,402	9,794	0,013	-0,111	-0,206
2690	0,715	-0,402	9,794	0,013	-0,111	-0,206
2700	0,715	-0,402	9,794	0,013	-0,111	-0,206
2710	0,715	-0,402	9,794	0,013	-0,111	-0,206
2720	0,715	-0,402	9,794	0,013	-0,111	-0,206
2730	0,715	-0,402	9,794	0,013	-0,111	-0,206
2740	0,715	-0,402	9,794	0,013	-0,111	-0,206
2750	0,715	-0,402	9,794	0,013	-0,111	-0,206
2760	1,034	-0,110	9,724	0,011	-0,101	-0,194
2770	1,034	-0,110	9,724	0,011	-0,101	-0,194
2780	1,034	-0,110	9,724	0,011	-0,101	-0,194
2790	1,034	-0,110	9,724	0,011	-0,101	-0,194
2800	1,034	-0,110	9,724	0,011	-0,101	-0,194
2810	1,034	-0,110	9,724	0,011	-0,101	-0,194
2820	1,034	-0,110	9,724	0,011	-0,101	-0,194
2830	1,034	-0,110	9,724	0,011	-0,101	-0,194
2840	1,034	-0,110	9,724	0,011	-0,101	-0,194
2850	1,034	-0,110	9,724	0,011	-0,101	-0,194
2860	1,034	-0,110	9,724	0,011	-0,101	-0,194
2870	1,034	-0,110	9,724	0,011	-0,101	-0,194
2880	1,034	-0,110	9,724	0,011	-0,101	-0,194
2890	1,034	-0,110	9,724	0,011	-0,101	-0,194
2900	1,034	-0,110	9,724	0,011	-0,101	-0,194
2910	1,034	-0,110	9,724	0,011	-0,101	-0,194
2920	1,034	-0,110	9,724	0,011	-0,101	-0,194
2930	1,034	-0,110	9,724	0,011	-0,101	-0,194
2940	1,034	-0,110	9,724	0,011	-0,101	-0,194
2950	0,811	0,232	9,799	0,010	-0,093	-0,188
2960	0,811	0,232	9,799	0,010	-0,093	-0,188
2970	0,811	0,232	9,799	0,010	-0,093	-0,188
2980	0,811	0,232	9,799	0,010	-0,093	-0,188
2990	0,811	0,232	9,799	0,010	-0,093	-0,188
3000	0,811	0,232	9,799	0,010	-0,093	-0,188
3010	0,811	0,232	9,799	0,010	-0,093	-0,188
3020	0,811	0,232	9,799	0,010	-0,093	-0,188
3030	0,811	0,232	9,799	0,010	-0,093	-0,188
3040	0,811	0,232	9,799	0,010	-0,093	-0,188
3050	0,811	0,232	9,799	0,010	-0,093	-0,188
3060	0,811	0,232	9,799	0,010	-0,093	-0,188
3070	0,811	0,232	9,799	0,010	-0,093	-0,188
3080	0,811	0,232	9,799	0,010	-0,093	-0,188
3090	0,811	0,232	9,799	0,010	-0,093	-0,188
3100	0,811	0,232	9,799	0,010	-0,093	-0,188
3110	0,811	0,232	9,799	0,010	-0,093	-0,188
3120	0,811	0,232	9,799	0,010	-0,093	-0,188
3130	0,811	0,232	9,799	0,010	-0,093	-0,188
3140	-1,649	-0,110	9,832	0,010	-0,086	-0,188
3150	-1,649	-0,110	9,832	0,010	-0,086	-0,188
3160	-1,649	-0,110	9,832	0,010	-0,086	-0,188
3170	-1,649	-0,110	9,832	0,010	-0,086	-0,188
3180	-1,649	-0,110	9,832	0,010	-0,086	-0,188
3190	-1,649	-0,110	9,832	0,010	-0,086	-0,188
3200	-1,649	-0,110	9,832	0,010	-0,086	-0,188
3210	-1,649	-0,110	9,832	0,010	-0,086	-0,188
3220	-1,649	-0,110	9,832	0,010	-0,086	-0,188
3230	-1,649	-0,110	9,832	0,010	-0,086	-0,188
3240	-1,649	-0,110	9,832	0,010	-0,086	-0,188
3250	-1,649	-0,110	9,832	0,010	-0,086	-0,188
3260	-1,649	-0,110	9,832	0,010	-0,086	-0,188
3270	-1,649	-0,110	9,832	0,010	-0,086	-0,188
3280	-1,649	-0,110	9,832	0,010	-0,086	-0,188
3290	-1,649	-0,110	9,832	0,010	-0,086	-0,188
3300	-1,649	-0,110	9,832	0,010	-0,086	-0,188
3310	-1,649	-0,110	9,832	0,010	-0,086	-0,188
3320	-1,649	-0,110	9,832	0,010	-0,086	-0,188
3330	-0,086	0,093	9,820	0,010	-0,077	-0,176
3340	-0,086	0,093	9,820	0,010	-0,077	-0,176
3350	-0,086	0,093	9,820	0,010	-0,077	-0,176
3360	-0,086	0,093	9,820	0,010	-0,077	-0,176
3370	-0,086	0,093	9,820	0,010	-0,077	-0,176
3380	-0,086	0,093	9,820	0,010	-0,077	-0,176
3390	-0,086	0,093	9,820	0,010	-0,077	-0,176
3400	-0,086	0,093	9,820	0,010	-0,077	-0,176
3410	-0,086	0,093	9,820	0,010	-0,077	-0,176
3420	-0,086	0,093	9,820	0,010	-0,077	-0,176
3430	-0,086	0,093	9,820	0,010	-0,077	-0,176
3440	-0,086	0,093	9,820	0,010	-0,077	-0,176
3450	-0,086	0,093	9,820	0,010	-0,077	-0,176
3460	-0,086	0,093	9,820	0,010	-0,077	-0,176
3470	-0,086	0,093	9,820	0,010	-0,077	-0,176
3480	-0,086	0,093	9,820	0,010	-0,077	-0,176
3490	-0,086	0,093	9,820	0,010	-0,077	-0,176
3500	-0,086	0,093	9,820	0,010	-0,077	-0,176
3510	-0,086	0,093	9,820	0,010	-0,077	-0,176
3520	-0,117	0,076	9,803	0,009	-0,069	-0,168
3530	-0,117	0,076	9,803	0,009	-0,069	-0,168
3540	-0,117	0,076	9,803	0,009	-0,069	-0,168
3550	-0,117	0,076	9,803	0,009	-0,069	-0,168
3560	-0,117	0,076	9,803	0,009	-0,069	-0,168
3570	-0,117	0,076	9,803	0,009	-0,069	-0,168
3580	-0,117	0,076	9,803	0,009	-0,069	-0,168
3590	-0,117	0,076	9,803	0,009	-0,069	-0,168
3600	-0,117	0,076	9,803	0,009	-0,069	-0,168
3610	-0,117	0,076	9,803	0,009	-0,069	-0,168
3620	-0,117	0,076	9,803	0,009	-0,069	-0,168
3630	-0,117	0,076	9,803	0,009	-0,069	-0,168
3640	-0,117	0,076	9,803	0,009	-0,069	-0,168
3650	-0,117	0,076	9,803	0,009	-0,069	-0,168
3660	-0,117	0,076	9,803	0,009	-0,069	-0,168
3670	-0,117	0,076	9,803	0,009	-0,069	-0,168
3680	-0,117	0,076	9,803	0,009	-0,069	-0,168
3690	-0,117	0,076	9,803	0,009	-0,069	-0,168
3700	-0,117	0,076	9,803	0,009	-0,069	-0,168
3710	-0,117	0,076	9,803	0,009	-0,069	-0,168
3720	1,062	0,103	9,784	0,009	-0,062	-0,163
3730	1,062	0,103	9,784	0,009	-0,062	-0,163
3740	1,062	0,103	9,784	0,009	-0,062	-0,163
3750	1,062	0,103	9,784	0,009	-0,062	-0,163
3760	1,062	0,103	9,784	0,009	-0,062	-0,163
3770	1,062	0,103	9,784	0,009	-0,062	-0,163
3780	1,062	0,103	9,784	0,009	-0,062	-0,163
3790	1,062	0,103	9,784	0,009	-0,062	-0,163
3800	1,062	0,103	9,784	0,009	-0,062	-0,163
3810	1,062	0,103	9,784	0,009	-0,062	-0,163
3820	1,062	0,103	9,784	0,009	-0,062	-0,163
3830	1,062	0,103	9,784	0,009	-0,062	-0,163
3840	1,062	0,103	9,784	0,009	-0,062	-0,163
3850	1,062	0,103	9,784	0,009	-0,062	-0,163
3860	1,062	0,103	9,784	0,009	-0,062	-0,163
3870	1,062	0,103	9,784	0,009	-0,062	-0,163
3880	1,062	0,103	9,784	0,009	-0,062	-0,163
3890	1,062	0,103	9,784	0,009	-0,062	-0,163
3900	1,062	0,103	9,784	0,009	-0,062	-0,163
3910	0,239	-0,077	9,777	0,007	-0,056	-0,168
3920	0,239	-0,077	9,777	0,007	-0,056	-0,168
3930	0,239	-0,077	9,777	0,007	-0,056	-0,168
3940	0,239	-0,077	9,777	0,007	-0,056	-0,168
3950	0,239	-0,077	9,777	0,007	-0,056	-0,168
3960	0,239	-0,077	9,777	0,007	-0,056	-0,168
3970	0,239	-0,077	9,777	0,007	-0,056	-0,168
3980	0,239	-0,077	9,777	0,007	-0,056	-0,168
3990	0,239	-0,077	9,777	0,007	-0,056	-0,168
4000	0,239	-0,077	9,777	0,007	-0,056	-0,168
4010	0,239	-0,077	9,777	0,007	-0,056	-0,168
4020	0,239	-0,077	9,777	0,007	-0,056	-0,168
4030	0,239	-0,077	9,777	0,007	-0,056	-0,168
4040	0,239	-0,077	9,777	0,007	-0,056	-0,168
4050	0,239	-0,077	9,777	0,007	-0,056	-0,168
4060	0,239	-0,077	9,777	0,007	-0,056	-0,168
4070	0,239	-0,077	9,777	0,007	-0,056	-0,168
4080	0,239	-0,077	9,777	0,007	-0,056	-0,168
4090	0,239	-0,077	9,777	0,007	-0,056	-0,168
4100	0,239	-0,077	9,777	0,007	-0,056	-0,168
4110	0,234	0,232	9,729	0,003	-0,051	-0,166
4120	0,234	0,232	9,729	0,003	-0,051	-0,166
4130	0,234	0,232	9,729	0,003	-0,051	-0,166
4140	0,234	0,232	9,729	0,003	-0,051	-0,166
4150	0,234	0,232	9,729	0,003	-0,051	-0,166
4160	0,234	0,232	9,729	0,003	-0,051	-0,166
4170	0,234	0,232	9,729	0,003	-0,051	-0,166
4180	0,234	0,232	9,729	0,003	-0,051	-0,166
4190	0,234	0,232	9,729	0,003	-0,051	-0,166
4200	0,234	0,232	9,729	0,003	-0,051	-0,166
4210	0,234	0,232	9,729	0,003	-0,051	-0,166
4220	0,234	0,232	9,729	0,003	-0,051	-0,166
4230	0,234	0,232	9,729	0,003	-0,051	-0,166
4240	0,234	0,232	9,729	0,003	-0,051	-0,166
4250	0,234	0,232	9,729	0,003	-0,051	-0,166
4260	0,234	0,232	9,729	0,003	-0,051	-0,166
4270	0,234	0,232	9,729	0,003	-0,051	-0,166
4280	0,234	0,232	9,729	0,003	-0,051	-0,166
4290	0,234	0,232	9,729	0,003	-0,051	-0,166
4300	0,234	0,232	9,729	0,003	-0,051	-0,166
4310	0,632	-0,007	9,787	0,001	-0,046	-0,168
4320	0,632	-0,007	9,787	0,001	-0,046	-0,168
4330	0,632	-0,007	9,787	0,001	-0,046	-0,168
4340	0,632	-0,007	9,787	0,001	-0,046	-0,168
4350	0,632	-0,007	9,787	0,001	-0,046	-0,168
4360	0,632	-0,007	9,787	0,001	-0,046	-0,168
4370	0,632	-0,007	9,787	0,001	-0,046	-0,168
4380	0,632	-0,007	9,787	0,001	-0,046	-0,168
4390	0,632	-0,007	9,787	0,001	-0,046	-0,168
4400	0,632	-0,007	9,787	0,001	-0,046	-0,168
4410	0,632	-0,007	9,787	0,001	-0,046	-0,168
4420	0,632	-0,007	9,787	0,001	-0,046	-0,168
4430	0,632	-0,007	9,787	0,001	-0,046	-0,168
4440	0,632	-0,007	9,787	0,001	-0,046	-0,168
4450	0,632	-0,007	9,787	0,001	-0,046	-0,168
4460	0,632	-0,007	9,787	0,001	-0,046	-0,168
4470	0,632	-0,007	9,787	0,001	-0,046	-0,168
4480	0,632	-0,007	9,787	0,001	-0,046	-0,168
4490	0,632	-0,007	9,787	0,001	-0,046	-0,168
4500	0,373	-0,136	9,784	-0,000	-0,042	-0,171
4510	0,373	-0,136	9,784	-0,000	-0,042	-0,171
4520	0,373	-0,136	9,784	-0,000	-0,042	-0,171
4530	0,373	-0,136	9,784	-0,000	-0,042	-0,171
4540	0,373	-0,136	9,784	-0,000	-0,042	-0,171
4550	0,373	-0,136	9,784	-0,000	-0,042	-0,171
4560	0,373	-0,136	9,784	-0,000	-0,042	-0,171
4570	0,373	-0,136	9,784	-0,000	-0,042	-0,171
4580	0,373	-0,136	9,784	-0,000	-0,042	-0,171
4590	0,373	-0,136	9,784	-0,000	-0,042	-0,171
4600	0,373	-0,136	9,784	-0,000	-0,042	-0,171
4610	0,373	-0,136	9,784	-0,000	-0,042	-0,171
4620	0,373	-0,136	9,784	-0,000	-0,042	-0,171
4630	0,373	-0,136	9,784	-0,000	-0,042	-0,171
4640	0,373	-0,136	9,784	-0,000	-0,042	-0,171
4650	0,373	-0,136	9,784	-0,000	-0,042	-0,171
4660	0,373	-0,136	9,784	-0,000	-0,042	-0,171
4670	0,373	-0,136	9,784	-0,000	-0,042	-0,171
4680	0,373	-0,136	9,784	-0,000	-0,042	-0,171
4690	0,373	-0,136	9,784	-0,000	-0,042	-0,171
4700	0,208	-0,373	9,765	-0,001	-0,038	-0,178
4710	0,208	-0,373	9,765	-0,001	-0,038	-0,178
4720	0,208	-0,373	9,765	-0,001	-0,038	-0,178
4730	0,208	-0,373	9,765	-0,001	-0,038	-0,178
4740	0,208	-0,373	9,765	-0,001	-0,038	-0,178
4750	0,208	-0,373	9,765	-0,001	-0,038	-0,178
4760	0,208	-0,373	9,765	-0,001	-0,038	-0,178
4770	0,208	-0,373	9,765	-0,001	-0,038	-0,178
4780	0,208	-0,373	9,765	-0,001	-0,038	-0,178
4790	0,208	-0,373	9,765	-0,001	-0,038	-0,178
4800	0,208	-0,373	9,765	-0,001	-0,038	-0,178
4810	0,208	-0,373	9,765	-0,001	-0,038	-0,178
4820	0,208	-0,373	9,765	-0,001	-0,038	-0,178
4830	0,208	-0,373	9,765	-0,001	-0,038	-0,178
4840	0,208	-0,373	9,765	-0,001	-0,038	-0,178
4850	0,208	-0,373	9,765	-0,001	-0,038	-0,178
4860	0,208	-0,373	9,765	-0,001	-0,038	-0,178
4870	0,208	-0,373	9,765	-0,001	-0,038	-0,178
4880	0,208	-0,373	9,765	-0,001	-0,038	-0,178
4890	-0,278	0,012	9,799	-0,001	-0,036	-0,186
4900	-0,278	0,012	9,799	-0,001	-0,036	-0,186
4910	-0,278	0,012	9,799	-0,001	-0,036	-0,186
4920	-0,278	0,012	9,799	-0,001	-0,036	-0,186
4930	-0,278	0,012	9,799	-0,001	-0,036	-0,186
4940	-0,278	0,012	9,799	-0,001	-0,036	-0,186
4950	-0,278	0,012	9,799	-0,001	-0,036	-0,186
4960	-0,278	0,012	9,799	-0,001	-0,036	-0,186
4970	-0,278	0,012	9,799	-0,001	-0,036	-0,186
4980	-0,278	0,012	9,799	-0,001	-0,036	-0,186
4990	-0,278	0,012	9,799	-0,001	-0,036	-0,186
5000	-0,278	0,012	9,799	-0,001	-0,036	-0,186
5010	-0,278	0,012	9,799	-0,001	-0,036	-0,186
5020	-0,278	0,012	9,799	-0,001	-0,036	-0,186
5030	-0,278	0,012	9,799	-0,001	-0,036	-0,186
5040	-0,278	0,012	9,799	-0,001	-0,036	-0,186
5050	-0,278	0,012	9,799	-0,001	-0,036	-0,186
5060	-0,278	0,012	9,799	-0,001	-0,036	-0,186
5070	-0,278	0,012	9,799	-0,001	-0,036	-0,186
5080	-0,278	0,012	9,799	-0,001	-0,036	-0,186
5090	-0,804	-0,163	9,767	-0,001	-0,034	-0,196
5100	-0,804	-0,163	9,767	-0,001	-0,034	-0,196
5110	-0,804	-0,163	9,767	-0,001	-0,034	-0,196
5120	-0,804	-0,163	9,767	-0,001	-0,034	-0,196
5130	-0,804	-0,163	9,767	-0,001	-0,034	-0,196
5140	-0,804	-0,163	9,767	-0,001	-0,034	-0,196
5150	-0,804	-0,163	9,767	-0,001	-0,034	-0,196
5160	-0,804	-0,163	9,767	-0,001	-0,034	-0,196
5170	-0,804	-0,163	9,767	-0,001	-0,034	-0,196
5180	-0,804	-0,163	9,767	-0,001	-0,034	-0,196
5190	-0,804	-0,163	9,767	-0,001	-0,034	-0,196
5200	-0,804	-0,163	9,767	-0,001	-0,034	-0,196
5210	-0,804	-0,163	9,767	-0,001	-0,034	-0,196
5220	-0,804	-0,163	9,767	-0,001	-0,034	-0,196
5230	-0,804	-0,163	9,767	-0,001	-0,034	-0,196
5240	-0,804	-0,163	9,767	-0,001	-0,034	-0,196
5250	-0,804	-0,163	9,767	-0,001	-0,034	-0,196
5260	-0,804	-0,163	9,767	-0,001	-0,034	-0,196
5270	-0,804	-0,163	9,767	-0,001	-0,034	-0,196
5280	-0,378	-0,314	9,753	-0,001	-0,031	-0,203
5290	-0,378	-0,314	9,753	-0,001	-0,031	-0,203
5300	-0,378	-0,314	9,753	-0,001	-0,031	-0,203
5310	-0,378	-0,314	9,753	-0,001	-0,031	-0,203
5320	-0,378	-0,314	9,753	-0,001	-0,031	-0,203
5330	-0,378	-0,314	9,753	-0,001	-0,031	-0,203
5340	-0,378	-0,314	9,753	-0,001	-0,031	-0,203
5350	-0,378	-0,314	9,753	-0,001	-0,031	-0,203
5360	-0,378	-0,314	9,753	-0,001	-0,031	-0,203
5370	-0,378	-0,314	9,753	-0,001	-0,031	-0,203
5380	-0,378	-0,314	9,753	-0,001	-0,031	-0,203
5390	-0,378	-0,314	9,753	-0,001	-0,031	-0,203
5400	-0,378	-0,314	9,753	-0,001	-0,031	-0,203
5410	-0,378	-0,314	9,753	-0,001	-0,031	-0,203
5420	-0,378	-0,314	9,753	-0,001	-0,031	-0,203
5430	-0,378	-0,314	9,753	-0,001	-0,031	-0,203
5440	-0,378	-0,314	9,753	-0,001	-0,031	-0,203
5450	-0,378	-0,314	9,753	-0,001	-0,031	-0,203
5460	-0,378	-0,314	9,753	-0,001	-0,031	-0,203
5470	-0,165	-0,440	9,784	-0,000	-0,027	-0,207
5480	-0,165	-0,440	9,784	-0,000	-0,027	-0,207
5490	-0,165	-0,440	9,784	-0,000	-0,027	-0,207
5500	-0,165	-0,440	9,784	-0,000	-0,027	-0,207
5510	-0,165	-0,440	9,784	-0,000	-0,027	-0,207
5520	-0,165	-0,440	9,784	-0,000	-0,027	-0,207
5530	-0,165	-0,440	9,784	-0,000	-0,027	-0,207
5540	-0,165	-0,440	9,784	-0,000	-0,027	-0,207
5550	-0,165	-0,440	9,784	-0,000	-0,027	-0,207
5560	-0,165	-0,440	9,784	-0,000	-0,027	-0,207
5570	-0,165	-0,440	9,784	-0,000	-0,027	-0,207
5580	-0,165	-0,440	9,784	-0,000	-0,027	-0,207
5590	-0,165	-0,440	9,784	-0,000	-0,027	-0,207
5600	-0,165	-0,440	9,784	-0,000	-0,027	-0,207
5610	-0,165	-0,440	9,784	-0,000	-0,027	-0,207
5620	-0,165	-0,440	9,784	-0,000	-0,027	-0,207
5630	-0,165	-0,440	9,784	-0,000	-0,027	-0,207
5640	-0,165	-0,440	9,784	-0,000	-0,027	-0,207
5650	-0,165	-0,440	9,784	-0,000	-0,027	-0,207
5660	-0,165	-0,440	9,784	-0,000	-0,027	-0,207
5670	0,957	-1,235	9,803	-0,000	-0,024	-0,201
5680	0,957	-1,235	9,803	-0,000	-0,024	-0,201
5690	0,957	-1,235	9,803	-0,000	-0,024	-0,201
5700	0,957	-1,235	9,803	-0,000	-0,024	-0,201
5710	0,957	-1,235	9,803	-0,000	-0,024	-0,201
5720	0,957	-1,235	9,803	-0,000	-0,024	-0,201
5730	0,957	-1,235	9,803	-0,000	-0,024	-0,201
5740	0,957	-1,235	9,803	-0,000	-0,024	-0,201
5750	0,957	-1,235	9,803	-0,000	-0,024	-0,201
5760	0,957	-1,235	9,803	-0,000	-0,024	-0,201
5770	0,957	-1,235	9,803	-0,000	-0,024	-0,201
5780	0,957	-1,235	9,803	-0,000	-0,024	-0,201
5790	0,957	-1,235	9,803	-0,000	-0,024	-0,201
5800	0,957	-1,235	9,803	-0,000	-0,024	-0,201
5810	0,957	-1,235	9,803	-0,000	-0,024	-0,201
5820	0,957	-1,235	9,803	-0,000	-0,024	-0,201
5830	0,957	-1,235	9,803	-0,000	-0,024	-0,201
5840	0,957	-1,235	9,803	-0,000	-0,024	-0,201
5850	0,957	-1,235	9,803	-0,000	-0,024	-0,201
5860	0,909	-0,325	9,765	-0,001	-0,022	-0,185
5870	0,909	-0,325	9,765	-0,001	-0,022	-0,185
5880	0,909	-0,325	9,765	-0,001	-0,022	-0,185
5890	0,909	-0,325	9,765	-0,001	-0,022	-0,185
5900	0,909	-0,325	9,765	-0,001	-0,022	-0,185
5910	0,909	-0,325	9,765	-0,001	-0,022	-0,185
5920	0,909	-0,325	9,765	-0,001	-0,022	-0,185
5930	0,909	-0,325	9,765	-0,001	-0,022	-0,185
5940	0,909	-0,325	9,765	-0,001	-0,022	-0,185
5950	0,909	-0,325	9,765	-0,001	-0,022	-0,185
5960	0,909	-0,325	9,765	-0,001	-0,022	-0,185
5970	0,909	-0,325	9,765	-0,001	-0,022	-0,185
5980	0,909	-0,325	9,765	-0,001	-0,022	-0,185
5990	0,909	-0,325	9,765	-0,001	-0,022	-0,185
6000	0,909	-0,325	9,765	-0,001	-0,022	-0,185
6010	0,909	-0,325	9,765	-0,001	-0,022	-0,185
6020	0,909	-0,325	9,765	-0,001	-0,022	-0,185
6030	0,909	-0,325	9,765	-0,001	-0,022	-0,185
6040	0,909	-0,325	9,765	-0,001	-0,022	-0,185
6050	0,265	0,244	9,777	-0,002	-0,020	-0,170
6060	0,265	0,244	9,777	-0,002	-0,020	-0,170
6070	0,265	0,244	9,777	-0,002	-0,020	-0,170
6080	0,265	0,244	9,777	-0,002	-0,020	-0,170
6090	0,265	0,244	9,777	-0,002	-0,020	-0,170
6100	0,265	0,244	9,777	-0,002	-0,020	-0,170
6110	0,265	0,244	9,777	-0,002	-0,020	-0,170
6120	0,265	0,244	9,777	-0,002	-0,020	-0,170
6130	0,265	0,244	9,777	-0,002	-0,020	-0,170
6140	0,265	0,244	9,777	-0,002	-0,020	-0,170
6150	0,265	0,244	9,777	-0,002	-0,020	-0,170
6160	0,265	0,244	9,777	-0,002	-0,020	-0,170
6170	0,265	0,244	9,777	-0,002	-0,020	-0,170
6180	0,265	0,244	9,777	-0,002	-0,020	-0,170
6190	0,265	0,244	9,777	-0,002	-0,020	-0,170
6200	0,265	0,244	9,777	-0,002	-0,020	-0,170
6210	0,265	0,244	9,777	-0,002	-0,020	-0,170
6220	0,265	0,244	9,777	-0,002	-0,020	-0,170
6230	0,265	0,244	9,777	-0,002	-0,020	-0,170
6240	0,265	0,244	9,777	-0,002	-0,020	-0,170
6250	0,105	-0,263	9,760	-0,002	-0,019	-0,160
6260	0,105	-0,263	9,760	-0,002	-0,019	-0,160
6270	0,105	-0,263	9,760	-0,002	-0,019	-0,160
6280	0,105	-0,263	9,760	-0,002	-0,019	-0,160
6290	0,105	-0,263	9,760	-0,002	-0,019	-0,160
6300	0,105	-0,263	9,760	-0,002	-0,019	-0,160
6310	0,105	-0,263	9,760	-0,002	-0,019	-0,160
6320	0,105	-0,263	9,760	-0,002	-0,019	-0,160
6330	0,105	-0,263	9,760	-0,002	-0,019	-0,160
6340	0,105	-0,263	9,760	-0,002	-0,019	-0,160
6350	0,105	-0,263	9,760	-0,002	-0,019	-0,160
6360	0,105	-0,263	9,760	-0,002	-0,019	-0,160
6370	0,105	-0,263	9,760	-0,002	-0,019	-0,160
6380	0,105	-0,263	9,760	-0,002	-0,019	-0,160
6390	0,105	-0,263	9,760	-0,002	-0,019	-0,160
6400	0,105	-0,263	9,760	-0,002	-0,019	-0,160
6410	0,105	-0,263	9,760	-0,002	-0,019	-0,160
6420	0,105	-0,263	9,760	-0,002	-0,019	-0,160
6430	0,105	-0,263	9,760	-0,002	-0,019	-0,160
6440	-0,098	0,445	9,830	-0,002	-0,017	-0,153
6450	-0,098	0,445	9,830	-0,002	-0,017	-0,153
6460	-0,098	0,445	9,830	-0,002	-0,017	-0,153
6470	-0,098	0,445	9,830	-0,002	-0,017	-0,153
6480	-0,098	0,445	9,830	-0,002	-0,017	-0,153
6490	-0,098	0,445	9,830	-0,002	-0,017	-0,153
6500	-0,098	0,445	9,830	-0,002	-0,017	-0,153
6510	-0,098	0,445	9,830	-0,002	-0,017	-0,153
6520	-0,098	0,445	9,830	-0,002	-0,017	-0,153
6530	-0,098	0,445	9,830	-0,002	-0,017	-0,153
6540	-0,098	0,445	9,830	-0,002	-0,017	-0,153
6550	-0,098	0,445	9,830	-0,002	-0,017	-0,153
6560	-0,098	0,445	9,830	-0,002	-0,017	-0,153
6570	-0,098	0,445	9,830	-0,002	-0,017	-0,153
6580	-0,098	0,445	9,830	-0,002	-0,017	-0,153
6590	-0,098	0,445	9,830	-0,002	-0,017	-0,153
6600	-0,098	0,445	9,830	-0,002	-0,017	-0,153
6610	-0,098	0,445	9,830	-0,002	-0,017	-0,153
6620	-0,098	0,445	9,830	-0,002	-0,017	-0,153
6630	-0,098	0,445	9,830	-0,002	-0,017	-0,153
6640	-1,000	-0,177	9,727	-0,001	-0,015	-0,149
6650	-1,000	-0,177	9,727	-0,001	-0,015	-0,149
6660	-1,000	-0,177	9,727	-0,001	-0,015	-0,149
6670	-1,000	-0,177	9,727	-0,001	-0,015	-0,149
6680	-1,000	-0,177	9,727	-0,001	-0,015	-0,149
6690	-1,000	-0,177	9,727	-0,001	-0,015	-0,149
6700	-1,000	-0,177	9,727	-0,001	-0,015	-0,149
6710	-1,000	-0,177	9,727	-0,001	-0,015	-0,149
6720	-1,000	-0,177	9,727	-0,001	-0,015	-0,149
6730	-1,000	-0,177	9,727	-0,001	-0,015	-0,149
6740	-1,000	-0,177	9,727	-0,001	-0,015	-0,149
6750	-1,000	-0,177	9,727	-0,001	-0,015	-0,149
6760	-1,000	-0,177	9,727	-0,001	-0,015	-0,149
6770	-1,000	-0,177	9,727	-0,001	-0,015	-0,149
6780	-1,000	-0,177	9,727	-0,001	-0,015	-0,149
6790	-1,000	-0,177	9,727	-0,001	-0,015	-0,149
6800	-1,000	-0,177	9,727	-0,001	-0,015	-0,149
6810	-1,000	-0,177	9,727	-0,001	-0,015	-0,149
6820	-1,000	-0,177	9,727	-0,001	-0,015	-0,149
6830	-1,000	-0,177	9,727	-0,001	-0,015	-0,149
6840	-0,481	-0,515	9,770	-0,001	-0,013	-0,145
6850	-0,481	-0,515	9,770	-0,001	-0,013	-0,145
6860	-0,481	-0,515	9,770	-0,001	-0,013	-0,145
6870	-0,481	-0,515	9,770	-0,001	-0,013	-0,145
6880	-0,481	-0,515	9,770	-0,001	-0,013	-0,145
6890	-0,481	-0,515	9,770	-0,001	-0,013	-0,145
6900	-0,481	-0,515	9,770	-0,001	-0,013	-0,145
6910	-0,481	-0,515	9,770	-0,001	-0,013	-0,145
6920	-0,481	-0,515	9,770	-0,001	-0,013	-0,145
6930	-0,481	-0,515	9,770	-0,001	-0,013	-0,145
6940	-0,481	-0,515	9,770	-0,001	-0,013	-0,145
6950	-0,481	-0,515	9,770	-0,001	-0,013	-0,145
6960	-0,481	-0,515	9,770	-0,001	-0,013	-0,145
6970	-0,481	-0,515	9,770	-0,001	-0,013	-0,145
6980	-0,481	-0,515	9,770	-0,001	-0,013	-0,145
6990	-0,481	-0,515	9,770	-0,001	-0,013	-0,145
7000	-0,481	-0,515	9,770	-0,001	-0,013	-0,145
7010	-0,481	-0,515	9,770	-0,001	-0,013	-0,145
7020	-0,481	-0,515	9,770	-0,001	-0,013	-0,145
7030	-0,342	-1,319	9,727	-0,001	-0,012	-0,135
7040	-0,342	-1,319	9,727	-0,001	-0,012	-0,135
7050	-0,342	-1,319	9,727	-0,001	-0,012	-0,135
7060	-0,342	-1,319	9,727	-0,001	-0,012	-0,135
7070	-0,342	-1,319	9,727	-0,001	-0,012	-0,135
7080	-0,342	-1,319	9,727	-0,001	-0,012	-0,135
7090	-0,342	-1,319	9,727	-0,001	-0,012	-0,135
7100	-0,342	-1,319	9,727	-0,001	-0,012	-0,135
7110	-0,342	-1,319	9,727	-0,001	-0,012	-0,135
7120	-0,342	-1,319	9,727	-0,001	-0,012	-0,135
7130	-0,342	-1,319	9,727	-0,001	-0,012	-0,135
7140	-0,342	-1,319	9,727	-0,001	-0,012	-0,135
7150	-0,342	-1,319	9,727	-0,001	-0,012	-0,135
7160	-0,342	-1,319	9,727	-0,001	-0,012	-0,135
7170	-0,342	-1,319	9,727	-0,001	-0,012	-0,135
7180	-0,342	-1,319	9,727	-0,001	-0,012	-0,135
7190	-0,342	-1,319	9,727	-0,001	-0,012	-0,135
7200	-0,342	-1,319	9,727	-0,001	-0,012	-0,135
7210	-0,342	-1,319	9,727	-0,001	-0,012	-0,135
7220	0,292	-0,756	9,708	-0,001	-0,011	-0,111
7230	0,292	-0,756	9,708	-0,001	-0,011	-0,111
7240	0,292	-0,756	9,708	-0,001	-0,011	-0,111
7250	0,292	-0,756	9,708	-0,001	-0,011	-0,111
7260	0,292	-0,756	9,708	-0,001	-0,011	-0,111
7270	0,292	-0,756	9,708	-0,001	-0,011	-0,111
7280	0,292	-0,756	9,708	-0,001	-0,011	-0,111
7290	0,292	-0,756	9,708	-0,001	-0,011	-0,111
7300	0,292	-0,756	9,708	-0,001	-0,011	-0,111
7310	0,292	-0,756	9,708	-0,001	-0,011	-0,111
7320	0,292	-0,756	9,708	-0,001	-0,011	-0,111
7330	0,292	-0,756	9,708	-0,001	-0,011	-0,111
7340	0,292	-0,756	9,708	-0,001	-0,011	-0,111
7350	0,292	-0,756	9,708	-0,001	-0,011	-0,111
7360	0,292	-0,756	9,708	-0,001	-0,011	-0,111
7370	0,292	-0,756	9,708	-0,001	-0,011	-0,111
7380	0,292	-0,756	9,708	-0,001	-0,011	-0,111
7390	0,292	-0,756	9,708	-0,001	-0,011	-0,111
7400	0,292	-0,756	9,708	-0,001	-0,011	-0,111
7410	1,596	-0,950	9,765	-0,001	-0,010	-0,090
7420	1,596	-0,950	9,765	-0,001	-0,010	-0,090
7430	1,596	-0,950	9,765	-0,001	-0,010	-0,090
7440	1,596	-0,950	9,765	-0,001	-0,010	-0,090
7450	1,596	-0,950	9,765	-0,001	-0,010	-0,090
7460	1,596	-0,950	9,765	-0,001	-0,010	-0,090
7470	1,596	-0,950	9,765	-0,001	-0,010	-0,090
7480	1,596	-0,950	9,765	-0,001	-0,010	-0,090
7490	1,596	-0,950	9,765	-0,001	-0,010	-0,090
7500	1,596	-0,950	9,765	-0,001	-0,010	-0,090
7510	1,596	-0,950	9,765	-0,001	-0,010	-0,090
7520	1,596	-0,950	9,765	-0,001	-0,010	-0,090
7530	1,596	-0,950	9,765	-0,001	-0,010	-0,090
7540	1,596	-0,950	9,765	-0,001	-0,010	-0,090
7550	1,596	-0,950	9,765	-0,001	-0,010	-0,090
7560	1,596	-0,950	9,765	-0,001	-0,010	-0,090
7570	1,596	-0,950	9,765	-0,001	-0,010	-0,090
7580	1,596	-0,950	9,765	-0,001	-0,010	-0,090
7590	1,823	-1,101	9,741	-0,002	-0,009	-0,078
7600	1,823	-1,101	9,741	-0,002	-0,009	-0,078
7610	1,823	-1,101	9,741	-0,002	-0,009	-0,078
7620	1,823	-1,101	9,741	-0,002	-0,009	-0,078
7630	1,823	-1,101	9,741	-0,002	-0,009	-0,078
7640	1,823	-1,101	9,741	-0,002	-0,009	-0,078
7650	1,823	-1,101	9,741	-0,002	-0,009	-0,078
7660	1,823	-1,101	9,741	-0,002	-0,009	-0,078
7670	1,823	-1,101	9,741	-0,002	-0,009	-0,078
7680	1,823	-1,101	9,741	-0,002	-0,009	-0,078
7690	1,823	-1,101	9,741	-0,002	-0,009	-0,078
7700	1,823	-1,101	9,741	-0,002	-0,009	-0,078
7710	1,823	-1,101	9,741	-0,002	-0,009	-0,078
7720	1,823	-1,101	9,741	-0,002	-0,009	-0,078
7730	1,823	-1,101	9,741	-0,002	-0,009	-0,078
7740	1,823	-1,101	9,741	-0,002	-0,009	-0,078
7750	1,823	-1,101	9,741	-0,002	-0,009	-0,078
7760	1,823	-1,101	9,741	-0,002	-0,009	-0,078
7770	1,823	-1,101	9,741	-0,002	-0,009	-0,078
7780	1,823	-1,101	9,741	-0,002	-0,009	-0,078
7790	1,046	-0,314	9,890	-0,003	-0,008	-0,070
7800	1,046	-0,314	9,890	-0,003	-0,008	-0,070
7810	1,046	-0,314	9,890	-0,003	-0,008	-0,070
7820	1,046	-0,314	9,890	-0,003	-0,008	-0,070
7830	1,046	-0,314	9,890	-0,003	-0,008	-0,070
7840	1,046	-0,314	9,890	-0,003	-0,008	-0,070
7850	1,046	-0,314	9,890	-0,003	-0,008	-0,070
7860	1,046	-0,314	9,890	-0,003	-0,008	-0,070
7870	1,046	-0,314	9,890	-0,003	-0,008	-0,070
7880	1,046	-0,314	9,890	-0,003	-0,008	-0,070
7890	1,046	-0,314	9,890	-0,003	-0,008	-0,070
7900	1,046	-0,314	9,890	-0,003	-0,008	-0,070
7910	1,046	-0,314	9,890	-0,003	-0,008	-0,070
7920	1,046	-0,314	9,890	-0,003	-0,008	-0,070
7930	1,046	-0,314	9,890	-0,003	-0,008	-0,070
7940	1,046	-0,314	9,890	-0,003	-0,008	-0,070
7950	1,046	-0,314	9,890	-0,003	-0,008	-0,070
7960	1,046	-0,314	9,890	-0,003	-0,008	-0,070
7970	1,046	-0,314	9,890	-0,003	-0,008	-0,070
7980	1,046	-0,314	9,890	-0,003	-0,008	-0,070
7990	-1,340	-0,268	9,837	-0,003	-0,008	-0,068
8000	-1,340	-0,268	9,837	-0,003	-0,008	-0,068
8010	-1,340	-0,268	9,837	-0,003	-0,008	-0,068
8020	-1,340	-0,268	9,837	-0,003	-0,008	-0,068
8030	-1,340	-0,268	9,837	-0,003	-0,008	-0,068
8040	-1,340	-0,268	9,837	-0,003	-0,008	-0,068
8050	-1,340	-0,268	9,837	-0,003	-0,008	-0,068
8060	-1,340	-0,268	9,837	-0,003	-0,008	-0,068
8070	-1,340	-0,268	9,837	-0,003	-0,008	-0,068
8080	-1,340	-0,268	9,837	-0,003	-0,008	-0,068
8090	-1,340	-0,268	9,837	-0,003	-0,008	-0,068
8100	-1,340	-0,268	9,837	-0,003	-0,008	-0,068
8110	-1,340	-0,268	9,837	-0,003	-0,008	-0,068
8120	-1,340	-0,268	9,837	-0,003	-0,008	-0,068
8130	-1,340	-0,268	9,837	-0,003	-0,008	-0,068
8140	-1,340	-0,268	9,837	-0,003	-0,008	-0,068
8150	-1,340	-0,268	9,837	-0,003	-0,008	-0,068
8160	-1,340	-0,268	9,837	-0,003	-0,008	-0,068
8170	-1,340	-0,268	9,837	-0,003	-0,008	-0,068
8180	-0,926	0,184	9,803	-0,004	-0,007	-0,057
8190	-0,926	0,184	9,803	-0,004	-0,007	-0,057
8200	-0,926	0,184	9,803	-0,004	-0,007	-0,057
8210	-0,926	0,184	9,803	-0,004	-0,007	-0,057
8220	-0,926	0,184	9,803	-0,004	-0,007	-0,057
8230	-0,926	0,184	9,803	-0,004	-0,007	-0,057
8240	-0,926	0,184	9,803	-0,004	-0,007	-0,057
8250	-0,926	0,184	9,803	-0,004	-0,007	-0,057
8260	-0,926	0,184	9,803	-0,004	-0,007	-0,057
8270	-0,926	0,184	9,803	-0,004	-0,007	-0,057
8280	-0,926	0,184	9,803	-0,004	-0,007	-0,057
8290	-0,926	0,184	9,803	-0,004	-0,007	-0,057
8300	-0,926	0,184	9,803	-0,004	-0,007	-0,057
8310	-0,926	0,184	9,803	-0,004	-0,007	-0,057
8320	-0,926	0,184	9,803	-0,004	-0,007	-0,057
8330	-0,926	0,184	9,803	-0,004	-0,007	-0,057
8340	-0,926	0,184	9,803	-0,004	-0,007	-0,057
8350	-0,926	0,184	9,803	-0,004	-0,007	-0,057
8360	-0,926	0,184	9,803	-0,004	-0,007	-0,057
8370	-0,926	0,184	9,803	-0,004	-0,007	-0,057
8380	0,292	1,280	9,803	-0,004	-0,007	-0,052
8390	0,292	1,280	9,803	-0,004	-0,007	-0,052
8400	0,292	1,280	9,803	-0,004	-0,007	-0,052
8410	0,292	1,280	9,803	-0,004	-0,007	-0,052
8420	0,292	1,280	9,803	-0,004	-0,007	-0,052
8430	0,292	1,280	9,803	-0,004	-0,007	-0,052
8440	0,292	1,280	9,803	-0,004	-0,007	-0,052
8450	0,292	1,280	9,803	-0,004	-0,007	-0,052
8460	0,292	1,280	9,803	-0,004	-0,007	-0,052
8470	0,292	1,280	9,803	-0,004	-0,007	-0,052
8480	0,292	1,280	9,803	-0,004	-0,007	-0,052
8490	0,292	1,280	9,803	-0,004	-0,007	-0,052
8500	0,292	1,280	9,803	-0,004	-0,007	-0,052
8510	0,292	1,280	9,803	-0,004	-0,007	-0,052
8520	0,292	1,280	9,803	-0,004	-0,007	-0,052
8530	0,292	1,280	9,803	-0,004	-0,007	-0,052
8540	0,292	1,280	9,803	-0,004	-0,007	-0,052
8550	0,292	1,280	9,803	-0,004	-0,007	-0,052
8560	0,292	1,280	9,803	-0,004	-0,007	-0,052
8570	0,734	0,593	9,758	-0,003	-0,006	-0,055
8580	0,734	0,593	9,758	-0,003	-0,006	-0,055
8590	0,734	0,593	9,758	-0,003	-0,006	-0,055
8600	0,734	0,593	9,758	-0,003	-0,006	-0,055
8610	0,734	0,593	9,758	-0,003	-0,006	-0,055
8620	0,734	0,593	9,758	-0,003	-0,006	-0,055
8630	0,734	0,593	9,758	-0,003	-0,006	-0,055
8640	0,734	0,593	9,758	-0,003	-0,006	-0,055
8650	0,734	0,593	9,758	-0,003	-0,006	-0,055
8660	0,734	0,593	9,758	-0,003	-0,006	-0,055
8670	0,734	0,593	9,758	-0,003	-0,006	-0,055
8680	0,734	0,593	9,758	-0,003	-0,006	-0,055
8690	0,734	0,593	9,758	-0,003	-0,006	-0,055
8700	0,734	0,593	9,758	-0,003	-0,006	-0,055
8710	0,734	0,593	9,758	-0,003	-0,006	-0,055
8720	0,734	0,593	9,758	-0,003	-0,006	-0,055
8730	0,734	0,593	9,758	-0,003	-0,006	-0,055
8740	0,734	0,593	9,758	-0,003	-0,006	-0,055
8750	0,734	0,593	9,758	-0,003	-0,006	-0,055
8760	0,033	0,021	9,808	-0,002	-0,005	-0,060
8770	0,033	0,021	9,808	-0,002	-0,005	-0,060
8780	0,033	0,021	9,808	-0,002	-0,005	-0,060
8790	0,033	0,021	9,808	-0,002	-0,005	-0,060
8800	0,033	0,021	9,808	-0,002	-0,005	-0,060
8810	0,033	0,021	9,808	-0,002	-0,005	-0,060
8820	0,033	0,021	9,808	-0,002	-0,005	-0,060
8830	0,033	0,021	9,808	-0,002	-0,005	-0,060
8840	0,033	0,021	9,808	-0,002	-0,005	-0,060
8850	0,033	0,021	9,808	-0,002	-0,005	-0,060
8860	0,033	0,021	9,808	-0,002	-0,005	-0,060
8870	0,033	0,021	9,808	-0,002	-0,005	-0,060
8880	0,033	0,021	9,808	-0,002	-0,005	-0,060
8890	0,033	0,021	9,808	-0,002	-0,005	-0,060
8900	0,033	0,021	9,808	-0,002	-0,005	-0,060
8910	0,033	0,021	9,808	-0,002	-0,005	-0,060
8920	0,033	0,021	9,808	-0,002	-0,005	-0,060
8930	0,033	0,021	9,808	-0,002	-0,005	-0,060
8940	0,033	0,021	9,808	-0,002	-0,005	-0,060
8950	0,033	0,021	9,808	-0,002	-0,005	-0,060
8960	0,033	0,021	9,808	-0,002	-0,005	-0,060
8970	0,835	-0,450	9,758	-0,002	-0,004	-0,062
8980	0,835	-0,450	9,758	-0,002	-0,004	-0,062
8990	0,835	-0,450	9,758	-0,002	-0,004	-0,062
9000	0,835	-0,450	9,758	-0,002	-0,004	-0,062
9010	0,835	-0,450	9,758	-0,002	-0,004	-0,062
9020	0,835	-0,450	9,758	-0,002	-0,004	-0,062
9030	0,835	-0,450	9,758	-0,002	-0,004	-0,062
9040	0,835	-0,450	9,758	-0,002	-0,004	-0,062
9050	0,835	-0,450	9,758	-0,002	-0,004	-0,062
9060	0,835	-0,450	9,758	-0,002	-0,004	-0,062
9070	0,835	-0,450	9,758	-0,002	-0,004	-0,062
9080	0,835	-0,450	9,758	-0,002	-0,004	-0,062
9090	0,835	-0,450	9,758	-0,002	-0,004	-0,062
9100	0,835	-0,450	9,758	-0,002	-0,004	-0,062
9110	0,835	-0,450	9,758	-0,002	-0,004	-0,062
9120	0,835	-0,450	9,758	-0,002	-0,004	-0,062
9130	0,835	-0,450	9,758	-0,002	-0,004	-0,062
9140	0,835	-0,450	9,758	-0,002	-0,004	-0,062
9150	0,380	0,079	9,846	-0,001	-0,003	-0,072
9160	0,380	0,079	9,846	-0,001	-0,003	-0,072
9170	0,380	0,079	9,846	-0,001	-0,003	-0,072
9180	0,380	0,079	9,846	-0,001	-0,003	-0,072
9190	0,380	0,079	9,846	-0,001	-0,003	-0,072
9200	0,380	0,079	9,846	-0,001	-0,003	-0,072
9210	0,380	0,079	9,846	-0,001	-0,003	-0,072
9220	0,380	0,079	9,846	-0,001	-0,003	-0,072
9230	0,380	0,079	9,846	-0,001	-0,003	-0,072
9240	0,380	0,079	9,846	-0,001	-0,003	-0,072
9250	0,380	0,079	9,846	-0,001	-0,003	-0,072
9260	0,380	0,079	9,846	-0,001	-0,003	-0,072
9270	0,380	0,079	9,846	-0,001	-0,003	-0,072
9280	0,380	0,079	9,846	-0,001	-0,003	-0,072
9290	0,380	0,079	9,846	-0,001	-0,003	-0,072
9300	0,380	0,079	9,846	-0,001	-0,003	-0,072
9310	0,380	0,079	9,846	-0,001	-0,003	-0,072
9320	0,380	0,079	9,846	-0,001	-0,003	-0,072
9330	0,380	0,079	9,846	-0,001	-0,003	-0,072
9340	0,380	0,079	9,846	-0,001	-0,003	-0,072
9350	-0,952	-0,201	9,748	-0,001	-0,002	-0,085
9360	-0,952	-0,201	9,748	-0,001	-0,002	-0,085
9370	-0,952	-0,201	9,748	-0,001	-0,002	-0,085
9380	-0,952	-0,201	9,748	-0,001	-0,002	-0,085
9390	-0,952	-0,201	9,748	-0,001	-0,002	-0,085
9400	-0,952	-0,201	9,748	-0,001	-0,002	-0,085
9410	-0,952	-0,201	9,748	-0,001	-0,002	-0,085
9420	-0,952	-0,201	9,748	-0,001	-0,002	-0,085
9430	-0,952	-0,201	9,748	-0,001	-0,002	-0,085
9440	-0,952	-0,201	9,748	-0,001	-0,002	-0,085
9450	-0,952	-0,201	9,748	-0,001	-0,002	-0,085
9460	-0,952	-0,201	9,748	-0,001	-0,002	-0,085
9470	-0,952	-0,201	9,748	-0,001	-0,002	-0,085
9480	-0,952	-0,201	9,748	-0,001	-0,002	-0,085
9490	-0,952	-0,201	9,748	-0,001	-0,002	-0,085
9500	-0,952	-0,201	9,748	-0,001	-0,002	-0,085
9510	-0,952	-0,201	9,748	-0,001	-0,002	-0,085
9520	-0,952	-0,201	9,748	-0,001	-0,002	-0,085
9530	-0,400	-0,713	9,782	-0,000	-0,002	-0,095
9540	-0,400	-0,713	9,782	-0,000	-0,002	-0,095
9550	-0,400	-0,713	9,782	-0,000	-0,002	-0,095
9560	-0,400	-0,713	9,782	-0,000	-0,002	-0,095
9570	-0,400	-0,713	9,782	-0,000	-0,002	-0,095
9580	-0,400	-0,713	9,782	-0,000	-0,002	-0,095
9590	-0,400	-0,713	9,782	-0,000	-0,002	-0,095
9600	-0,400	-0,713	9,782	-0,000	-0,002	-0,095
9610	-0,400	-0,713	9,782	-0,000	-0,002	-0,095
9620	-0,400	-0,713	9,782	-0,000	-0,002	-0,095
9630	-0,400	-0,713	9,782	-0,000	-0,002	-0,095
9640	-0,400	-0,713	9,782	-0,000	-0,002	-0,095
9650	-0,400	-0,713	9,782	-0,000	-0,002	-0,095
9660	-0,400	-0,713	9,782	-0,000	-0,002	-0,095
9670	-0,400	-0,713	9,782	-0,000	-0,002	-0,095
9680	-0,400	-0,713	9,782	-0,000	-0,002	-0,095
9690	-0,400	-0,713	9,782	-0,000	-0,002	-0,095
9700	-0,400	-0,713	9,782	-0,000	-0,002	-0,095
9710	-0,400	-0,713	9,782	-0,000	-0,002	-0,095
9720	-0,400	-0,713	9,782	-0,000	-0,002	-0,095
9730	-0,400	-0,713	9,782	-0,000	-0,002	-0,095
9740	-1,110	-1,127	9,744	-0,001	-0,001	-0,100
9750	-1,110	-1,127	9,744	-0,001	-0,001	-0,100
9760	-1,110	-1,127	9,744	-0,001	-0,001	-0,100
9770	-1,110	-1,127	9,744	-0,001	-0,001	-0,100
9780	-1,110	-1,127	9,744	-0,001	-0,001	-0,100
9790	-1,110	-1,127	9,744	-0,001	-0,001	-0,100
9800	-1,110	-1,127	9,744	-0,001	-0,001	-0,100
9810	-1,110	-1,127	9,744	-0,001	-0,001	-0,100
9820	-1,110	-1,127	9,744	-0,001	-0,001	-0,100
9830	-1,110	-1,127	9,744	-0,001	-0,001	-0,100
9840	-1,110	-1,127	9,744	-0,001	-0,001	-0,100
9850	-1,110	-1,127	9,744	-0,001	-0,001	-0,100
9860	-1,110	-1,127	9,744	-0,001	-0,001	-0,100
9870	-1,110	-1,127	9,744	-0,001	-0,001	-0,100
9880	-1,110	-1,127	9,744	-0,001	-0,001	-0,100
9890	-1,110	-1,127	9,744	-0,001	-0,001	-0,100
9900	-1,110	-1,127	9,744	-0,001	-0,001	-0,100
9910	-1,110	-1,127	9,744	-0,001	-0,001	-0,100
9920	-1,110	-1,127	9,744	-0,001	-0,001	-0,100
9930	-0,266	-0,314	9,801	-0,002	-0,001	-0,098
9940	-0,266	-0,314	9,801	-0,002	-0,001	-0,098
9950	-0,266	-0,314	9,801	-0,002	-0,001	-0,098
9960	-0,266	-0,314	9,801	-0,002	-0,001	-0,098
9970	-0,266	-0,314	9,801	-0,002	-0,001	-0,098
9980	-0,266	-0,314	9,801	-0,002	-0,001	-0,098
9990	-0,266	-0,314	9,801	-0,002	-0,001	-0,098
10000	-0,266	-0,314	9,801	-0,002	-0,001	-0,098
10010	-0,266	-0,314	9,801	-0,002	-0,001	-0,098
10020	-0,266	-0,314	9,801	-0,002	-0,001	-0,098
10030	-0,266	-0,314	9,801	-0,002	-0,001	-0,098
10040	-0,266	-0,314	9,801	-0,002	-0,001	-0,098
10050	-0,266	-0,314	9,801	-0,002	-0,001	-0,098
10060	-0,266	-0,314	9,801	-0,002	-0,001	-0,098
10070	-0,266	-0,314	9,801	-0,002	-0,001	-0,098
10080	-0,266	-0,314	9,801	-0,002	-0,001	-0,098
10090	-0,266	-0,314	9,801	-0,002	-0,001	-0,098
10100	-0,266	-0,314	9,801	-0,002	-0,001	-0,098
10110	-0,266	-0,314	9,801	-0,002	-0,001	-0,098
10120	1,395	-0,828	9,732	-0,002	0,001	-0,091
10130	1,395	-0,828	9,732	-0,002	0,001	-0,091
10140	1,395	-0,828	9,732	-0,002	0,001	-0,091
10150	1,395	-0,828	9,732	-0,002	0,001	-0,091
10160	1,395	-0,828	9,732	-0,002	0,001	-0,091
10170	1,395	-0,828	9,732	-0,002	0,001	-0,091
10180	1,395	-0,828	9,732	-0,002	0,001	-0,091
10190	1,395	-0,828	9,732	-0,002	0,001	-0,091
10200	1,395	-0,828	9,732	-0,002	0,001	-0,091
10210	1,395	-0,828	9,732	-0,002	0,001	-0,091
10220	1,395	-0,828	9,732	-0,002	0,001	-0,091
10230	1,395	-0,828	9,732	-0,002	0,001	-0,091
10240	1,395	-0,828	9,732	-0,002	0,001	-0,091
10250	1,395	-0,828	9,732	-0,002	0,001	-0,091
10260	1,395	-0,828	9,732	-0,002	0,001	-0,091
10270	1,395	-0,828	9,732	-0,002	0,001	-0,091
10280	1,395	-0,828	9,732	-0,002	0,001	-0,091
10290	1,395	-0,828	9,732	-0,002	0,001	-0,091
10300	1,395	-0,828	9,732	-0,002	0,001	-0,091
10310	1,395	-0,828	9,732	-0,002	0,001	-0,091
10320	1,617	-0,771	9,767	-0,002	0,001	-0,077
10330	1,617	-0,771	9,767	-0,002	0,001	-0,077
10340	1,617	-0,771	9,767	-0,002	0,001	-0,077
10350	1,617	-0,771	9,767	-0,002	0,001	-0,077
10360	1,617	-0,771	9,767	-0,002	0,001	-0,077
10370	1,617	-0,771	9,767	-0,002	0,001	-0,077
10380	1,617	-0,771	9,767	-0,002	0,001	-0,077
10390	1,617	-0,771	9,767	-0,002	0,001	-0,077
10400	1,617	-0,771	9,767	-0,002	0,001	-0,077
10410	1,617	-0,771	9,767	-0,002	0,001	-0,077
10420	1,617	-0,771	9,767	-0,002	0,001	-0,077
10430	1,617	-0,771	9,767	-0,002	0,001	-0,077
10440	1,617	-0,771	9,767	-0,002	0,001	-0,077
10450	1,617	-0,771	9,767	-0,002	0,001	-0,077
10460	1,617	-0,771	9,767	-0,002	0,001	-0,077
10470	1,617	-0,771	9,767	-0,002	0,001	-0,077
10480	1,617	-0,771	9,767	-0,002	0,001	-0,077
10490	1,617	-0,771	9,767	-0,002	0,001	-0,077
10500	1,617	-0,771	9,767	-0,002	0,001	-0,077
10510	0,794	0,612	9,787	-0,002	0,000	-0,058
10520	0,794	0,612	9,787	-0,002	0,000	-0,058
10530	0,794	0,612	9,787	-0,002	0,000	-0,058
10540	0,794	0,612	9,787	-0,002	0,000	-0,058
10550	0,794	0,612	9,787	-0,002	0,000	-0,058
10560	0,794	0,612	9,787	-0,002	0,000	-0,058
10570	0,794	0,612	9,787	-0,002	0,000	-0,058
10580	0,794	0,612	9,787	-0,002	0,000	-0,058
10590	0,794	0,612	9,787	-0,002	0,000	-0,058
10600	0,794	0,612	9,787	-0,002	0,000	-0,058
10610	0,794	0,612	9,787	-0,002	0,000	-0,058
10620	0,794	0,612	9,787	-0,002	0,000	-0,058
10630	0,794	0,612	9,787	-0,002	0,000	-0,058
10640	0,794	0,612	9,787	-0,002	0,000	-0,058
10650	0,794	0,612	9,787	-0,002	0,000	-0,058
10660	0,794	0,612	9,787	-0,002	0,000	-0,058
10670	0,794	0,612	9,787	-0,002	0,000	-0,058
10680	0,794	0,612	9,787	-0,002	0,000	-0,058
10690	0,794	0,612	9,787	-0,002	0,000	-0,058
10700	0,110	-0,247	9,753	-0,003	-0,001	-0,038
10710	0,110	-0,247	9,753	-0,003	-0,001	-0,038
10720	0,110	-0,247	9,753	-0,003	-0,001	-0,038
10730	0,110	-0,247	9,753	-0,003	-0,001	-0,038
10740	0,110	-0,247	9,753	-0,003	-0,001	-0,038
10750	0,110	-0,247	9,753	-0,003	-0,001	-0,038
10760	0,110	-0,247	9,753	-0,003	-0,001	-0,038
10770	0,110	-0,247	9,753	-0,003	-0,001	-0,038
10780	0,110	-0,247	9,753	-0,003	-0,001	-0,038
10790	0,110	-0,247	9,753	-0,003	-0,001	-0,038
10800	0,110	-0,247	9,753	-0,003	-0,001	-0,038
10810	0,110	-0,247	9,753	-0,003	-0,001	-0,038
10820	0,110	-0,247	9,753	-0,003	-0,001	-0,038
10830	0,110	-0,247	9,753	-0,003	-0,001	-0,038
10840	0,110	-0,247	9,753	-0,003	-0,001	-0,038
10850	0,110	-0,247	9,753	-0,003	-0,001	-0,038
10860	0,110	-0,247	9,753	-0,003	-0,001	-0,038
10870	0,110	-0,247	9,753	-0,003	-0,001	-0,038
10880	0,110	-0,247	9,753	-0,003	-0,001	-0,038
10890	0,110	-0,247	9,753	-0,003	-0,001	-0,038
10900	-0,706	-0,548	9,765	-0,003	-0,001	-0,023
10910	-0,706	-0,548	9,765	-0,003	-0,001	-0,023
10920	-0,706	-0,548	9,765	-0,003	-0,001	-0,023
10930	-0,706	-0,548	9,765	-0,003	-0,001	-0,023
10940	-0,706	-0,548	9,765	-0,003	-0,001	-0,023
10950	-0,706	-0,548	9,765	-0,003	-0,001	-0,023
10960	-0,706	-0,548	9,765	-0,003	-0,001	-0,023
10970	-0,706	-0,548	9,765	-0,003	-0,001	-0,023
10980	-0,706	-0,548	9,765	-0,003	-0,001	-0,023
10990	-0,706	-0,548	9,765	-0,003	-0,001	-0,023
11000	-0,706	-0,548	9,765	-0,003	-0,001	-0,023
11010	-0,706	-0,548	9,765	-0,003	-0,001	-0,023
11020	-0,706	-0,548	9,765	-0,003	-0,001	-0,023
11030	-0,706	-0,548	9,765	-0,003	-0,001	-0,023
11040	-0,706	-0,548	9,765	-0,003	-0,001	-0,023
11050	-0,706	-0,548	9,765	-0,003	-0,001	-0,023
11060	-0,706	-0,548	9,765	-0,003	-0,001	-0,023
11070	-0,706	-0,548	9,765	-0,003	-0,001	-0,023
11080	-0,706	-0,548	9,765	-0,003	-0,001	-0,023
11090	-0,431	0,383	9,803	-0,003	-0,001	-0,023
11100	-0,431	0,383	9,803	-0,004	-0,001	-0,007
11110	-0,431	0,383	9,803	-0,004	-0,001	-0,007
11120	-0,431	0,383	9,803	-0,004	-0,001	-0,007
11130	-0,431	0,383	9,803	-0,004	-0,001	-0,007
11140	-0,431	0,383	9,803	-0,004	-0,001	-0,007
11150	-0,431	0,383	9,803	-0,004	-0,001	-0,007
11160	-0,431	0,383	9,803	-0,004	-0,001	-0,007
11170	-0,431	0,383	9,803	-0,004	-0,001	-0,007
11180	-0,431	0,383	9,803	-0,004	-0,001	-0,007
11190	-0,431	0,383	9,803	-0,004	-0,001	-0,007
11200	-0,431	0,383	9,803	-0,004	-0,001	-0,007
11210	-0,431	0,383	9,803	-0,004	-0,001	-0,007
11220	-0,431	0,383	9,803	-0,004	-0,001	-0,007
11230	-0,431	0,383	9,803	-0,004	-0,001	-0,007
11240	-0,431	0,383	9,803	-0,004	-0,001	-0,007
11250	-0,431	0,383	9,803	-0,004	-0,001	-0,007
11260	-0,431	0,383	9,803	-0,004	-0,001	-0,007
11270	-0,431	0,383	9,803	-0,004	-0,001	-0,007
11280	-0,577	-0,244	9,767	-0,003	-0,001	0,016
11290	-0,577	-0,244	9,767	-0,003	-0,001	0,016
11300	-0,577	-0,244	9,767	-0,003	-0,001	0,016
11310	-0,577	-0,244	9,767	-0,003	-0,001	0,016
11320	-0,577	-0,244	9,767	-0,003	-0,001	0,016
11330	-0,577	-0,244	9,767	-0,003	-0,001	0,016
11340	-0,577	-0,244	9,767	-0,003	-0,001	0,016
11350	-0,577	-0,244	9,767	-0,003	-0,001	0,016
11360	-0,577	-0,244	9,767	-0,003	-0,001	0,016
11370	-0,577	-0,244	9,767	-0,003	-0,001	0,016
11380	-0,577	-0,244	9,767	-0,003	-0,001	0,016
11390	-0,577	-0,244	9,767	-0,003	-0,001	0,016
11400	-0,577	-0,244	9,767	-0,003	-0,001	0,016
11410	-0,577	-0,244	9,767	-0,003	-0,001	0,016
11420	-0,577	-0,244	9,767	-0,003	-0,001	0,016
11430	-0,577	-0,244	9,767	-0,003	-0,001	0,016
11440	-0,577	-0,244	9,767	-0,003	-0,001	0,016
11450	-0,577	-0,244	9,767	-0,003	-0,001	0,016
11460	-0,577	-0,244	9,767	-0,003	-0,001	0,016
11470	-0,577	-0,244	9,767	-0,003	-0,001	0,016
11480	-0,306	-0,249	9,758	-0,002	-0,002	0,051
11490	-0,306	-0,249	9,758	-0,002	-0,002	0,051
11500	-0,306	-0,249	9,758	-0,002	-0,002	0,051
11510	-0,306	-0,249	9,758	-0,002	-0,002	0,051
11520	-0,306	-0,249	9,758	-0,002	-0,002	0,051
11530	-0,306	-0,249	9,758	-0,002	-0,002	0,051
11540	-0,306	-0,249	9,758	-0,002	-0,002	0,051
11550	-0,306	-0,249	9,758	-0,002	-0,002	0,051
11560	-0,306	-0,249	9,758	-0,002	-0,002	0,051
11570	-0,306	-0,249	9,758	-0,002	-0,002	0,051
11580	-0,306	-0,249	9,758	-0,002	-0,002	0,051
11590	-0,306	-0,249	9,758	-0,002	-0,002	0,051
11600	-0,306	-0,249	9,758	-0,002	-0,002	0,051
11610	-0,306	-0,249	9,758	-0,002	-0,002	0,051
11620	-0,306	-0,249	9,758	-0,002	-0,002	0,051
11630	-0,306	-0,249	9,758	-0,002	-0,002	0,051
11640	-0,306	-0,249	9,758	-0,002	-0,002	0,051
11650	-0,306	-0,249	9,758	-0,002	-0,002	0,051
11660	-0,306	-0,249	9,758	-0,002	-0,002	0,051
11670	-1,271	-0,069	9,729	-0,001	-0,003	0,084
11680	-1,271	-0,069	9,729	-0,001	-0,003	0,084
11690	-1,271	-0,069	9,729	-0,001	-0,003	0,084
11700	-1,271	-0,069	9,729	-0,001	-0,003	0,084
11710	-1,271	-0,069	9,729	-0,001	-0,003	0,084
11720	-1,271	-0,069	9,729	-0,001	-0,003	0,084
11730	-1,271	-0,069	9,729	-0,001	-0,003	0,084
11740	-1,271	-0,069	9,729	-0,001	-0,003	0,084
11750	-1,271	-0,069	9,729	-0,001	-0,003	0,084
11760	-1,271	-0,069	9,729	-0,001	-0,003	0,084
11770	-1,271	-0,069	9,729	-0,001	-0,003	0,084
11780	-1,271	-0,069	9,729	-0,001	-0,003	0,084
11790	-1,271	-0,069	9,729	-0,001	-0,003	0,084
11800	-1,271	-0,069	9,729	-0,001	-0,003	0,084
11810	-1,271	-0,069	9,729	-0,001	-0,003	0,084
11820	-1,271	-0,069	9,729	-0,001	-0,003	0,084
11830	-1,271	-0,069	9,729	-0,001	-0,003	0,084
11840	-1,271	-0,069	9,729	-0,001	-0,003	0,084
11850	-1,271	-0,069	9,729	-0,001	-0,003	0,084
11860	-1,271	-0,069	9,729	-0,001	-0,003	0,084
11870	0,335	-0,622	9,746	-0,001	-0,003	0,117
11880	0,335	-0,622	9,746	-0,001	-0,003	0,117
11890	0,335	-0,622	9,746	-0,001	-0,003	0,117
11900	0,335	-0,622	9,746	-0,001	-0,003	0,117
11910	0,335	-0,622	9,746	-0,001	-0,003	0,117
11920	0,335	-0,622	9,746	-0,001	-0,003	0,117
11930	0,335	-0,622	9,746	-0,001	-0,003	0,117
11940	0,335	-0,622	9,746	-0,001	-0,003	0,117
11950	0,335	-0,622	9,746	-0,001	-0,003	0,117
11960	0,335	-0,622	9,746	-0,001	-0,003	0,117
11970	0,335	-0,622	9,746	-0,001	-0,003	0,117
11980	0,335	-0,622	9,746	-0,001	-0,003	0,117
11990	0,335	-0,622	9,746	-0,001	-0,003	0,117
12000	0,335	-0,622	9,746	-0,001	-0,003	0,117
12010	0,335	-0,622	9,746	-0,001	-0,003	0,117
12020	0,335	-0,622	9,746	-0,001	-0,003	0,117
12030	0,335	-0,622	9,746	-0,001	-0,003	0,117
12040	0,335	-0,622	9,746	-0,001	-0,003	0,117
12050	0,335	-0,622	9,746	-0,001	-0,003	0,117
12060	1,448	-0,476	9,751	-0,000	-0,002	0,123
12070	1,448	-0,476	9,751	-0,000	-0,002	0,123
12080	1,448	-0,476	9,751	-0,000	-0,002	0,123
12090	1,448	-0,476	9,751	-0,000	-0,002	0,123
12100	1,448	-0,476	9,751	-0,000	-0,002	0,123
12110	1,448	-0,476	9,751	-0,000	-0,002	0,123
12120	1,448	-0,476	9,751	-0,000	-0,002	0,123
12130	1,448	-0,476	9,751	-0,000	-0,002	0,123
12140	1,448	-0,476	9,751	-0,000	-0,002	0,123
12150	1,448	-0,476	9,751	-0,000	-0,002	0,123
12160	1,448	-0,476	9,751	-0,000	-0,002	0,123
12170	1,448	-0,476	9,751	-0,000	-0,002	0,123
12180	1,448	-0,476	9,751	-0,000	-0,002	0,123
12190	1,448	-0,476	9,751	-0,000	-0,002	0,123
12200	1,448	-0,476	9,751	-0,000	-0,002	0,123
12210	1,448	-0,476	9,751	-0,000	-0,002	0,123
12220	1,448	-0,476	9,751	-0,000	-0,002	0,123
12230	1,448	-0,476	9,751	-0,000	-0,002	0,123
12240	1,448	-0,476	9,751	-0,000	-0,002	0,123
12250	1,448	-0,476	9,751	-0,000	-0,002	0,123
12260	1,333	-0,699	9,751	-0,000	-0,002	0,116
12270	1,333	-0,699	9,751	-0,000	-0,002	0,116
12280	1,333	-0,699	9,751	-0,000	-0,002	0,116
12290	1,333	-0,699	9,751	-0,000	-0,002	0,116
12300	1,333	-0,699	9,751	-0,000	-0,002	0,116
12310	1,333	-0,699	9,751	-0,000	-0,002	0,116
12320	1,333	-0,699	9,751	-0,000	-0,002	0,116
12330	1,333	-0,699	9,751	-0,000	-0,002	0,116
12340	1,333	-0,699	9,751	-0,000	-0,002	0,116
12350	1,333	-0,699	9,751	-0,000	-0,002	0,116
12360	1,333	-0,699	9,751	-0,000	-0,002	0,116
12370	1,333	-0,699	9,751	-0,000	-0,002	0,116
12380	1,333	-0,699	9,751	-0,000	-0,002	0,116
12390	1,333	-0,699	9,751	-0,000	-0,002	0,116
12400	1,333	-0,699	9,751	-0,000	-0,002	0,116
12410	1,333	-0,699	9,751	-0,000	-0,002	0,116
12420	1,333	-0,699	9,751	-0,000	-0,002	0,116
12430	1,333	-0,699	9,751	-0,000	-0,002	0,116
12440	1,333	-0,699	9,751	-0,000	-0,002	0,116
12450	1,333	-0,699	9,751	-0,000	-0,002	0,116
12460	1,433	-0,194	9,796	-0,000	-0,003	0,111
12470	1,433	-0,194	9,796	-0,000	-0,003	0,111
12480	1,433	-0,194	9,796	-0,000	-0,003	0,111
12490	1,433	-0,194	9,796	-0,000	-0,003	0,111
12500	1,433	-0,194	9,796	-0,000	-0,003	0,111
12510	1,433	-0,194	9,796	-0,000	-0,003	0,111
12520	1,433	-0,194	9,796	-0,000	-0,003	0,111
12530	1,433	-0,194	9,796	-0,000	-0,003	0,111
12540	1,433	-0,194	9,796	-0,000	-0,003	0,111
12550	1,433	-0,194	9,796	-0,000	-0,003	0,111
12560	1,433	-0,194	9,796	-0,000	-0,003	0,111
12570	1,433	-0,194	9,796	-0,000	-0,003	0,111
12580	1,433	-0,194	9,796	-0,000	-0,003	0,111
12590	1,433	-0,194	9,796	-0,000	-0,003	0,111
12600	1,433	-0,194	9,796	-0,000	-0,003	0,111
12610	1,433	-0,194	9,796	-0,000	-0,003	0,111
12620	1,433	-0,194	9,796	-0,000	-0,003	0,111
12630	1,433	-0,194	9,796	-0,000	-0,003	0,111
12640	1,433	-0,194	9,796	-0,000	-0,003	0,111
12650	-0,204	-0,237	9,825	0,000	-0,004	0,106
12660	-0,204	-0,237	9,825	0,000	-0,004	0,106
12670	-0,204	-0,237	9,825	0,000	-0,004	0,106
12680	-0,204	-0,237	9,825	0,000	-0,004	0,106
12690	-0,204	-0,237	9,825	0,000	-0,004	0,106
12700	-0,204	-0,237	9,825	0,000	-0,004	0,106
12710	-0,204	-0,237	9,825	0,000	-0,004	0,106
12720	-0,204	-0,237	9,825	0,000	-0,004	0,106
12730	-0,204	-0,237	9,825	0,000	-0,004	0,106
12740	-0,204	-0,237	9,825	0,000	-0,004	0,106
12750	-0,204	-0,237	9,825	0,000	-0,004	0,106
12760	-0,204	-0,237	9,825	0,000	-0,004	0,106
12770	-0,204	-0,237	9,825	0,000	-0,004	0,106
12780	-0,204	-0,237	9,825	0,000	-0,004	0,106
12790	-0,204	-0,237	9,825	0,000	-0,004	0,106
12800	-0,204	-0,237	9,825	0,000	-0,004	0,106
12810	-0,204	-0,237	9,825	0,000	-0,004	0,106
12820	-0,204	-0,237	9,825	0,000	-0,004	0,106
12830	-0,204	-0,237	9,825	0,000	-0,004	0,106
12840	-1,362	-0,646	9,765	0,000	-0,004	0,103
12850	-1,362	-0,646	9,765	0,000	-0,004	0,103
12860	-1,362	-0,646	9,765	0,000	-0,004	0,103
12870	-1,362	-0,646	9,765	0,000	-0,004	0,103
12880	-1,362	-0,646	9,765	0,000	-0,004	0,103
12890	-1,362	-0,646	9,765	0,000	-0,004	0,103
12900	-1,362	-0,646	9,765	0,000	-0,004	0,103
12910	-1,362	-0,646	9,765	0,000	-0,004	0,103
12920	-1,362	-0,646	9,765	0,000	-0,004	0,103
12930	-1,362	-0,646	9,765	0,000	-0,004	0,103
12940	-1,362	-0,646	9,765	0,000	-0,004	0,103
12950	-1,362	-0,646	9,765	0,000	-0,004	0,103
12960	-1,362	-0,646	9,765	0,000	-0,004	0,103
12970	-1,362	-0,646	9,765	0,000	-0,004	0,103
12980	-1,362	-0,646	9,765	0,000	-0,004	0,103
12990	-1,362	-0,646	9,765	0,000	-0,004	0,103
13000	-1,362	-0,646	9,765	0,000	-0,004	0,103
13010	-1,362	-0,646	9,765	0,000	-0,004	0,103
13020	-0,510	1,347	9,775	0,000	-0,003	0,099
13030	-0,510	1,347	9,775	0,000	-0,003	0,099
13040	-0,510	1,347	9,775	0,000	-0,003	0,099
13050	-0,510	1,347	9,775	0,000	-0,003	0,099
13060	-0,510	1,347	9,775	0,000	-0,003	0,099
13070	-0,510	1,347	9,775	0,000	-0,003	0,099
13080	-0,510	1,347	9,775	0,000	-0,003	0,099
13090	-0,510	1,347	9,775	0,000	-0,003	0,099
13100	-0,510	1,347	9,775	0,000	-0,003	0,099
13110	-0,510	1,347	9,775	0,000	-0,003	0,099
13120	-0,510	1,347	9,775	0,000	-0,003	0,099
13130	-0,510	1,347	9,775	0,000	-0,003	0,099
13140	-0,510	1,347	9,775	0,000	-0,003	0,099
13150	-0,510	1,347	9,775	0,000	-0,003	0,099
13160	-0,510	1,347	9,775	0,000	-0,003	0,099
13170	-0,510	1,347	9,775	0,000	-0,003	0,099
13180	-0,510	1,347	9,775	0,000	-0,003	0,099
13190	-0,510	1,347	9,775	0,000	-0,003	0,099
13200	-0,510	1,347	9,775	0,000	-0,003	0,099
13210	-0,510	1,347	9,775	0,000	-0,003	0,099
13220	0,167	0,342	9,787	0,000	-0,003	0,091
13230	0,167	0,342	9,787	0,000	-0,003	0,091
13240	0,167	0,342	9,787	0,000	-0,003	0,091
13250	0,167	0,342	9,787	0,000	-0,003	0,091
13260	0,167	0,342	9,787	0,000	-0,003	0,091
13270	0,167	0,342	9,787	0,000	-0,003	0,091
13280	0,167	0,342	9,787	0,000	-0,003	0,091
13290	0,167	0,342	9,787	0,000	-0,003	0,091
13300	0,167	0,342	9,787	0,000	-0,003	0,091
13310	0,167	0,342	9,787	0,000	-0,003	0,091
13320	0,167	0,342	9,787	0,000	-0,003	0,091
13330	0,167	0,342	9,787	0,000	-0,003	0,091
13340	0,167	0,342	9,787	0,000	-0,003	0,091
13350	0,167	0,342	9,787	0,000	-0,003	0,091
13360	0,167	0,342	9,787	0,000	-0,003	0,091
13370	0,167	0,342	9,787	0,000	-0,003	0,091
13380	0,167	0,342	9,787	0,000	-0,003	0,091
13390	0,167	0,342	9,787	0,000	-0,003	0,091
13400	0,825	-0,050	9,791	0,000	-0,003	0,059
13410	0,825	-0,050	9,791	0,000	-0,003	0,059
13420	0,825	-0,050	9,791	0,000	-0,003	0,059
13430	0,825	-0,050	9,791	0,000	-0,003	0,059
13440	0,825	-0,050	9,791	0,000	-0,003	0,059
13450	0,825	-0,050	9,791	0,000	-0,003	0,059
13460	0,825	-0,050	9,791	0,000	-0,003	0,059
13470	0,825	-0,050	9,791	0,000	-0,003	0,059
13480	0,825	-0,050	9,791	0,000	-0,003	0,059
13490	0,825	-0,050	9,791	0,000	-0,003	0,059
13500	0,825	-0,050	9,791	0,000	-0,003	0,059
13510	0,825	-0,050	9,791	0,000	-0,003	0,059
13520	0,825	-0,050	9,791	0,000	-0,003	0,059
13530	0,825	-0,050	9,791	0,000	-0,003	0,059
13540	0,825	-0,050	9,791	0,000	-0,003	0,059
13550	0,825	-0,050	9,791	0,000	-0,003	0,059
13560	0,825	-0,050	9,791	0,000	-0,003	0,059
13570	0,825	-0,050	9,791	0,000	-0,003	0,059
13580	0,825	-0,050	9,791	0,000	-0,003	0,059
13590	0,837	-0,515	9,724	0,001	-0,003	0,022
13600	0,837	-0,515	9,724	0,001	-0,003	0,022
13610	0,837	-0,515	9,724	0,001	-0,003	0,022
13620	0,837	-0,515	9,724	0,001	-0,003	0,022
13630	0,837	-0,515	9,724	0,001	-0,003	0,022
13640	0,837	-0,515	9,724	0,001	-0,003	0,022
13650	0,837	-0,515	9,724	0,001	-0,003	0,022
13660	0,837	-0,515	9,724	0,001	-0,003	0,022
13670	0,837	-0,515	9,724	0,001	-0,003	0,022
13680	0,837	-0,515	9,724	0,001	-0,003	0,022
13690	0,837	-0,515	9,724	0,001	-0,003	0,022
13700	0,837	-0,515	9,724	0,001	-0,003	0,022
13710	0,837	-0,515	9,724	0,001	-0,003	0,022
13720	0,837	-0,515	9,724	0,001	-0,003	0,022
13730	0,837	-0,515	9,724	0,001	-0,003	0,022
13740	0,837	-0,515	9,724	0,001	-0,003	0,022
13750	0,837	-0,515	9,724	0,001	-0,003	0,022
13760	0,837	-0,515	9,724	0,001	-0,003	0,022
13770	0,837	-0,515	9,724	0,001	-0,003	0,022
13780	0,837	-0,515	9,724	0,001	-0,003	0,022
13790	0,053	-0,158	9,767	0,001	-0,002	-0,003
13800	0,053	-0,158	9,767	0,001	-0,002	-0,003
13810	0,053	-0,158	9,767	0,001	-0,002	-0,003
13820	0,053	-0,158	9,767	0,001	-0,002	-0,003
13830	0,053	-0,158	9,767	0,001	-0,002	-0,003
13840	0,053	-0,158	9,767	0,001	-0,002	-0,003
13850	0,053	-0,158	9,767	0,001	-0,002	-0,003
13860	0,053	-0,158	9,767	0,001	-0,002	-0,003
13870	0,053	-0,158	9,767	0,001	-0,002	-0,003
13880	0,053	-0,158	9,767	0,001	-0,002	-0,003
13890	0,053	-0,158	9,767	0,001	-0,002	-0,003
13900	0,053	-0,158	9,767	0,001	-0,002	-0,003
13910	0,053	-0,158	9,767	0,001	-0,002	-0,003
13920	0,053	-0,158	9,767	0,001	-0,002	-0,003
13930	0,053	-0,158	9,767	0,001	-0,002	-0,003
13940	0,053	-0,158	9,767	0,001	-0,002	-0,003
13950	0,053	-0,158	9,767	0,001	-0,002	-0,003
13960	0,053	-0,158	9,767	0,001	-0,002	-0,003
13970	0,053	-0,158	9,767	0,001	-0,002	-0,003
13980	-1,266	-0,450	9,789	0,002	0,000	-0,032
13990	-1,266	-0,450	9,789	0,002	0,000	-0,032
14000	-1,266	-0,450	9,789	0,002	0,000	-0,032
14010	-1,266	-0,450	9,789	0,002	0,000	-0,032
14020	-1,266	-0,450	9,789	0,002	0,000	-0,032
14030	-1,266	-0,450	9,789	0,002	0,000	-0,032
14040	-1,266	-0,450	9,789	0,002	0,000	-0,032
14050	-1,266	-0,450	9,789	0,002	0,000	-0,032
14060	-1,266	-0,450	9,789	0,002	0,000	-0,032
14070	-1,266	-0,450	9,789	0,002	0,000	-0,032
14080	-1,266	-0,450	9,789	0,002	0,000	-0,032
14090	-1,266	-0,450	9,789	0,002	0,000	-0,032
14100	-1,266	-0,450	9,789	0,002	0,000	-0,032
14110	-1,266	-0,450	9,789	0,002	0,000	-0,032
14120	-1,266	-0,450	9,789	0,002	0,000	-0,032
14130	-1,266	-0,450	9,789	0,002	0,000	-0,032
14140	-1,266	-0,450	9,789	0,002	0,000	-0,032
14150	-1,266	-0,450	9,789	0,002	0,000	-0,032
14160	-1,266	-0,450	9,789	0,002	0,000	-0,032
14170	-1,266	-0,450	9,789	0,002	0,000	-0,032
14180	-0,433	-0,369	9,739	0,002	0,002	-0,064
14190	-0,433	-0,369	9,739	0,002	0,002	-0,064
14200	-0,433	-0,369	9,739	0,002	0,002	-0,064
14210	-0,433	-0,369	9,739	0,002	0,002	-0,064
14220	-0,433	-0,369	9,739	0,002	0,002	-0,064
14230	-0,433	-0,369	9,739	0,002	0,002	-0,064
14240	-0,433	-0,369	9,739	0,002	0,002	-0,064
14250	-0,433	-0,369	9,739	0,002	0,002	-0,064
14260	-0,433	-0,369	9,739	0,002	0,002	-0,064
14270	-0,433	-0,369	9,739	0,002	0,002	-0,064
14280	-0,433	-0,369	9,739	0,002	0,002	-0,064
14290	-0,433	-0,369	9,739	0,002	0,002	-0,064
14300	-0,433	-0,369	9,739	0,002	0,002	-0,064
14310	-0,433	-0,369	9,739	0,002	0,002	-0,064
14320	-0,433	-0,369	9,739	0,002	0,002	-0,064
14330	-0,433	-0,369	9,739	0,002	0,002	-0,064
14340	-0,433	-0,369	9,739	0,002	0,002	-0,064
14350	-0,433	-0,369	9,739	0,002	0,002	-0,064
14360	-0,433	-0,369	9,739	0,002	0,002	-0,064
14370	-0,433	-0,369	9,739	0,002	0,002	-0,064
14380	-0,433	-0,613	9,784	0,003	0,003	-0,101
14390	-0,433	-0,613	9,784	0,003	0,003	-0,101
14400	-0,433	-0,613	9,784	0,003	0,003	-0,101
14410	-0,433	-0,613	9,784	0,003	0,003	-0,101
14420	-0,433	-0,613	9,784	0,003	0,003	-0,101
14430	-0,433	-0,613	9,784	0,003	0,003	-0,101
14440	-0,433	-0,613	9,784	0,003	0,003	-0,101
14450	-0,433	-0,613	9,784	0,003	0,003	-0,101
14460	-0,433	-0,613	9,784	0,003	0,003	-0,101
14470	-0,433	-0,613	9,784	0,003	0,003	-0,101
14480	-0,433	-0,613	9,784	0,003	0,003	-0,101
14490	-0,433	-0,613	9,784	0,003	0,003	-0,101
14500	-0,433	-0,613	9,784	0,003	0,003	-0,101
14510	-0,433	-0,613	9,784	0,003	0,003	-0,101
14520	-0,433	-0,613	9,784	0,003	0,003	-0,101
14530	-0,433	-0,613	9,784	0,003	0,003	-0,101
14540	-0,433	-0,613	9,784	0,003	0,003	-0,101
14550	-0,433	-0,613	9,784	0,003	0,003	-0,101
14560	-0,433	-0,613	9,784	0,003	0,003	-0,101
14570	-0,168	-1,065	9,794	0,002	0,004	-0,121
14580	-0,168	-1,065	9,794	0,002	0,004	-0,121
14590	-0,168	-1,065	9,794	0,002	0,004	-0,121
14600	-0,168	-1,065	9,794	0,002	0,004	-0,121
14610	-0,168	-1,065	9,794	0,002	0,004	-0,121
14620	-0,168	-1,065	9,794	0,002	0,004	-0,121
14630	-0,168	-1,065	9,794	0,002	0,004	-0,121
14640	-0,168	-1,065	9,794	0,002	0,004	-0,121
14650	-0,168	-1,065	9,794	0,002	0,004	-0,121
14660	-0,168	-1,065	9,794	0,002	0,004	-0,121
14670	-0,168	-1,065	9,794	0,002	0,004	-0,121
14680	-0,168	-1,065	9,794	0,002	0,004	-0,121
14690	-0,168	-1,065	9,794	0,002	0,004	-0,121
14700	-0,168	-1,065	9,794	0,002	0,004	-0,121
14710	-0,168	-1,065	9,794	0,002	0,004	-0,121
14720	-0,168	-1,065	9,794	0,002	0,004	-0,121
14730	-0,168	-1,065	9,794	0,002	0,004	-0,121
14740	-0,168	-1,065	9,794	0,002	0,004	-0,121
14750	-0,168	-1,065	9,794	0,002	0,004	-0,121
14760	-0,168	-1,065	9,794	0,002	0,004	-0,121
14770	-0,854	-1,086	9,789	0,000	0,004	-0,111
14780	-0,854	-1,086	9,789	0,000	0,004	-0,111
14790	-0,854	-1,086	9,789	0,000	0,004	-0,111
14800	-0,854	-1,086	9,789	0,000	0,004	-0,111
14810	-0,854	-1,086	9,789	0,000	0,004	-0,111
14820	-0,854	-1,086	9,789	0,000	0,004	-0,111
14830	-0,854	-1,086	9,789	0,000	0,004	-0,111
14840	-0,854	-1,086	9,789	0,000	0,004	-0,111
14850	-0,854	-1,086	9,789	0,000	0,004	-0,111
14860	-0,854	-1,086	9,789	0,000	0,004	-0,111
14870	-0,854	-1,086	9,789	0,000	0,004	-0,111
14880	-0,854	-1,086	9,789	0,000	0,004	-0,111
14890	-0,854	-1,086	9,789	0,000	0,004	-0,111
14900	-0,854	-1,086	9,789	0,000	0,004	-0,111
14910	-0,854	-1,086	9,789	0,000	0,004	-0,111
14920	-0,854	-1,086	9,789	0,000	0,004	-0,111
14930	-0,854	-1,086	9,789	0,000	0,004	-0,111
14940	-0,854	-1,086	9,789	0,000	0,004	-0,111
14950	-0,854	-1,086	9,789	0,000	0,004	-0,111
14960	1,124	-0,861	9,775	-0,001	0,006	-0,092
14970	1,124	-0,861	9,775	-0,001	0,006	-0,092
14980	1,124	-0,861	9,775	-0,001	0,006	-0,092
14990	1,124	-0,861	9,775	-0,001	0,006	-0,092
15000	1,124	-0,861	9,775	-0,001	0,006	-0,092
15010	1,124	-0,861	9,775	-0,001	0,006	-0,092
15020	1,124	-0,861	9,775	-0,001	0,006	-0,092
15030	1,124	-0,861	9,775	-0,001	0,006	-0,092
15040	1,124	-0,861	9,775	-0,001	0,006	-0,092
15050	1,124	-0,861	9,775	-0,001	0,006	-0,092
15060	1,124	-0,861	9,775	-0,001	0,006	-0,092
15070	1,124	-0,861	9,775	-0,001	0,006	-0,092
15080	1,124	-0,861	9,775	-0,001	0,006	-0,092
15090	1,124	-0,861	9,775	-0,001	0,006	-0,092
15100	1,124	-0,861	9,775	-0,001	0,006	-0,092
15110	1,124	-0,861	9,775	-0,001	0,006	-0,092
15120	1,124	-0,861	9,775	-0,001	0,006	-0,092
15130	1,124	-0,861	9,775	-0,001	0,006	-0,092
15140	1,124	-0,861	9,775	-0,001	0,006	-0,092
15150	1,124	-0,861	9,775	-0,001	0,006	-0,092
15160	0,239	-1,012	9,794	-0,001	0,005	-0,077
15170	0,239	-1,012	9,794	-0,001	0,005	-0,077
15180	0,239	-1,012	9,794	-0,001	0,005	-0,077
15190	0,239	-1,012	9,794	-0,001	0,005	-0,077
15200	0,239	-1,012	9,794	-0,001	0,005	-0,077
15210	0,239	-1,012	9,794	-0,001	0,005	-0,077
15220	0,239	-1,012	9,794	-0,001	0,005	-0,077
15230	0,239	-1,012	9,794	-0,001	0,005	-0,077
15240	0,239	-1,012	9,794	-0,001	0,005	-0,077
15250	0,239	-1,012	9,794	-0,001	0,005	-0,077
15260	0,239	-1,012	9,794	-0,001	0,005	-0,077
15270	0,239	-1,012	9,794	-0,001	0,005	-0,077
15280	0,239	-1,012	9,794	-0,001	0,005	-0,077
15290	0,239	-1,012	9,794	-0,001	0,005	-0,077
15300	0,239	-1,012	9,794	-0,001	0,005	-0,077
15310	0,239	-1,012	9,794	-0,001	0,005	-0,077
15320	0,239	-1,012	9,794	-0,001	0,005	-0,077
15330	0,239	-1,012	9,794	-0,001	0,005	-0,077
15340	0,045	-0,325	9,770	-0,001	0,005	-0,051
15350	0,045	-0,325	9,770	-0,001	0,005	-0,051
15360	0,045	-0,325	9,770	-0,001	0,005	-0,051
15370	0,045	-0,325	9,770	-0,001	0,005	-0,051
15380	0,045	-0,325	9,770	-0,001	0,005	-0,051
15390	0,045	-0,325	9,770	-0,001	0,005	-0,051
15400	0,045	-0,325	9,770	-0,001	0,005	-0,051
15410	0,045	-0,325	9,770	-0,001	0,005	-0,051
15420	0,045	-0,325	9,770	-0,001	0,005	-0,051
15430	0,045	-0,325	9,770	-0,001	0,005	-0,051
15440	0,045	-0,325	9,770	-0,001	0,005	-0,051
15450	0,045	-0,325	9,770	-0,001	0,005	-0,051
15460	0,045	-0,325	9,770	-0,001	0,005	-0,051
15470	0,045	-0,325	9,770	-0,001	0,005	-0,051
15480	0,045	-0,325	9,770	-0,001	0,005	-0,051
15490	0,045	-0,325	9,770	-0,001	0,005	-0,051
15500	0,045	-0,325	9,770	-0,001	0,005	-0,051
15510	0,045	-0,325	9,770	-0,001	0,005	-0,051
15520	0,045	-0,325	9,770	-0,001	0,005	-0,051
15530	0,072	-0,201	9,775	-0,003	0,004	-0,019
15540	0,072	-0,201	9,775	-0,003	0,004	-0,019
15550	0,072	-0,201	9,775	-0,003	0,004	-0,019
15560	0,072	-0,201	9,775	-0,003	0,004	-0,019
15570	0,072	-0,201	9,775	-0,003	0,004	-0,019
15580	0,072	-0,201	9,775	-0,003	0,004	-0,019
15590	0,072	-0,201	9,775	-0,003	0,004	-0,019
15600	0,072	-0,201	9,775	-0,003	0,004	-0,019
15610	0,072	-0,201	9,775	-0,003	0,004	-0,019
15620	0,072	-0,201	9,775	-0,003	0,004	-0,019
15630	0,072	-0,201	9,775	-0,003	0,004	-0,019
15640	0,072	-0,201	9,775	-0,003	0,004	-0,019
15650	0,072	-0,201	9,775	-0,003	0,004	-0,019
15660	0,072	-0,201	9,775	-0,003	0,004	-0,019
15670	0,072	-0,201	9,775	-0,003	0,004	-0,019
15680	0,072	-0,201	9,775	-0,003	0,004	-0,019
15690	0,072	-0,201	9,775	-0,003	0,004	-0,019
15700	0,072	-0,201	9,775	-0,003	0,004	-0,019
15710	0,072	-0,201	9,775	-0,003	0,004	-0,019
15720	0,072	-0,201	9,775	-0,003	0,004	-0,019
15730	0,074	-0,225	9,779	-0,004	0,003	-0,003
15740	0,074	-0,225	9,779	-0,004	0,003	-0,003
15750	0,074	-0,225	9,779	-0,004	0,003	-0,003
15760	0,074	-0,225	9,779	-0,004	0,003	-0,003
15770	0,074	-0,225	9,779	-0,004	0,003	-0,003
15780	0,074	-0,225	9,779	-0,004	0,003	-0,003
15790	0,074	-0,225	9,779	-0,004	0,003	-0,003
15800	0,074	-0,225	9,779	-0,004	0,003	-0,003
15810	0,074	-0,225	9,779	-0,004	0,003	-0,003
15820	0,074	-0,225	9,779	-0,004	0,003	-0,003
15830	0,074	-0,225	9,779	-0,004	0,003	-0,003
15840	0,074	-0,225	9,779	-0,004	0,003	-0,003
15850	0,074	-0,225	9,779	-0,004	0,003	-0,003
15860	0,074	-0,225	9,779	-0,004	0,003	-0,003
15870	0,074	-0,225	9,779	-0,004	0,003	-0,003
15880	0,074	-0,225	9,779	-0,004	0,003	-0,003
15890	0,074	-0,225	9,779	-0,004	0,003	-0,003
15900	0,074	-0,225	9,779	-0,004	0,003	-0,003
15910	0,074	-0,225	9,779	-0,004	0,003	-0,003
15920	0,074	-0,218	9,765	-0,004	0,002	0,019
15930	0,074	-0,218	9,765	-0,004	0,002	0,019
15940	0,074	-0,218	9,765	-0,004	0,002	0,019
15950	0,074	-0,218	9,765	-0,004	0,002	0,019
15960	0,074	-0,218	9,765	-0,004	0,002	0,019
15970	0,074	-0,218	9,765	-0,004	0,002	0,019
15980	0,074	-0,218	9,765	-0,004	0,002	0,019
15990	0,074	-0,218	9,765	-0,004	0,002	0,019
16000	0,074	-0,218	9,765	-0,004	0,002	0,019
16010	0,074	-0,218	9,765	-0,004	0,002	0,019
16020	0,074	-0,218	9,765	-0,004	0,002	0,019
16030	0,074	-0,218	9,765	-0,004	0,002	0,019
16040	0,074	-0,218	9,765	-0,004	0,002	0,019
16050	0,074	-0,218	9,765	-0,004	0,002	0,019
16060	0,074	-0,218	9,765	-0,004	0,002	0,019
16070	0,074	-0,218	9,765	-0,004	0,002	0,019
16080	0,074	-0,218	9,765	-0,004	0,002	0,019
16090	0,074	-0,218	9,765	-0,004	0,002	0,019
16100	0,074	-0,218	9,765	-0,004	0,002	0,019
16110	0,074	-0,218	9,765	-0,004	0,002	0,019
16120	0,084	-0,213	9,760	-0,003	0,001	0,047
16130	0,084	-0,213	9,760	-0,003	0,001	0,047
16140	0,084	-0,213	9,760	-0,003	0,001	0,047
16150	0,084	-0,213	9,760	-0,003	0,001	0,047
16160	0,084	-0,213	9,760	-0,003	0,001	0,047
16170	0,084	-0,213	9,760	-0,003	0,001	0,047
16180	0,084	-0,213	9,760	-0,003	0,001	0,047
16190	0,084	-0,213	9,760	-0,003	0,001	0,047
16200	0,084	-0,213	9,760	-0,003	0,001	0,047
16210	0,084	-0,213	9,760	-0,003	0,001	0,047
16220	0,084	-0,213	9,760	-0,003	0,001	0,047
16230	0,084	-0,213	9,760	-0,003	0,001	0,047
16240	0,084	-0,213	9,760	-0,003	0,001	0,047
16250	0,084	-0,213	9,760	-0,003	0,001	0,047
16260	0,084	-0,213	9,760	-0,003	0,001	0,047
16270	0,084	-0,213	9,760	-0,003	0,001	0,047
16280	0,084	-0,213	9,760	-0,003	0,001	0,047
16290	0,084	-0,213	9,760	-0,003	0,001	0,047
16300	0,084	-0,213	9,760	-0,003	0,001	0,047
16310	0,067	-0,225	9,770	-0,002	-0,001	0,072
16320	0,067	-0,225	9,770	-0,002	-0,001	0,072
16330	0,067	-0,225	9,770	-0,002	-0,001	0,072
16340	0,067	-0,225	9,770	-0,002	-0,001	0,072
16350	0,067	-0,225	9,770	-0,002	-0,001	0,072
16360	0,067	-0,225	9,770	-0,002	-0,001	0,072
16370	0,067	-0,225	9,770	-0,002	-0,001	0,072
16380	0,067	-0,225	9,770	-0,002	-0,001	0,072
16390	0,067	-0,225	9,770	-0,002	-0,001	0,072
16400	0,067	-0,225	9,770	-0,002	-0,001	0,072
16410	0,067	-0,225	9,770	-0,002	-0,001	0,072
16420	0,067	-0,225	9,770	-0,002	-0,001	0,072
16430	0,067	-0,225	9,770	-0,002	-0,001	0,072
16440	0,067	-0,225	9,770	-0,002	-0,001	0,072
16450	0,067	-0,225	9,770	-0,002	-0,001	0,072
